,node,degree,closeness,betweenness,community,triangles,clustering
598,599,837.7999999999988,0.5942891136228435,0.0001201242516686,0,37606,0.0359692858022749
575,576,1229.5999999999967,0.6166666666666667,0.0001212894997166,2,51975,0.0583858768721807
810,811,1276.2999999999972,0.6193428394296342,0.000124223887295,2,53263,0.0576667314727127
294,295,710.9999999999998,0.6054545454545455,0.0001265979976061,0,42907,0.0277659253663239
819,820,1609.3999999999935,0.6695710455764075,0.0001346179357024,0,89574,0.0461057483923393
702,703,1318.0999999999951,0.6267252195734002,0.0001365747801841,1,58535,0.0458709583090497
726,727,690.0999999999996,0.597488038277512,0.0001366603051261,0,38188,0.0287616662863729
801,802,958.2999999999988,0.5971309025702332,0.0001399161997468,1,35519,0.0467218652587381
862,863,1351.8999999999944,0.6499674690956408,0.0001413629572086,2,71433,0.0455152644688401
490,491,1603.999999999994,0.6686746987951807,0.00014172539655,0,89065,0.0462598043612166
524,525,1367.799999999995,0.6607142857142857,0.0001496454072719,2,84175,0.0440319027668905
544,545,777.0999999999996,0.5842105263157895,0.0001499426295676,0,27348,0.0391629098296343
665,666,1394.4999999999957,0.67182246133154,0.000157393352618,2,92138,0.0417615666006842
764,765,1036.9999999999973,0.640795381654907,0.0001609226629455,1,65780,0.0336219888575379
817,818,1026.0999999999983,0.6065573770491803,0.0001663818761921,1,44924,0.0432319456819221
968,969,1339.799999999995,0.6637873754152824,0.0001784702578646,2,84498,0.041748270962913
518,519,943.0999999999988,0.6091463414634146,0.0001882802839874,1,47883,0.0422175177857416
362,363,1540.1999999999946,0.6576695194206715,0.0001891544708015,0,79696,0.0477168457945394
83,84,1279.399999999994,0.6371173469387755,0.0001941755327447,2,62620,0.0487317251880281
795,796,1138.8999999999965,0.627906976744186,0.0001946614699322,0,56472,0.0375040872794185
878,879,1006.9999999999968,0.6466019417475728,0.0001951249662107,1,66967,0.0314185233343451
899,900,1369.799999999993,0.6759133964817321,0.0002044965522515,0,95680,0.0403497039328791
269,270,669.0000000000007,0.6102626756261453,0.0002057214688117,0,49529,0.0273877238112606
995,996,1504.9999999999932,0.6786684782608695,0.000208310308544,0,98746,0.0422903784382727
903,904,1106.6999999999966,0.6271186440677966,0.0002175205405935,0,53970,0.0350256094539571
169,170,1513.7999999999938,0.6602775941837409,0.0002201667727781,0,82370,0.0460523519622121
376,377,1403.999999999994,0.6800544588155207,0.0002317159875835,2,94588,0.0389284423654217
242,243,954.8999999999976,0.6143911439114391,0.0002336337578987,1,43873,0.0377719589418037
763,764,1394.4999999999964,0.6745442268737339,0.0002337238604592,2,89979,0.039864563194617
581,582,1381.7999999999952,0.6363057324840764,0.0002440655628696,2,61151,0.05083907293742
198,199,1296.699999999994,0.6379310344827587,0.0002441530092505,2,65225,0.0491584883258071
252,253,1444.0999999999929,0.6745442268737339,0.0002463596252077,2,89707,0.0408168581288924
66,67,1537.0999999999924,0.6677807486631016,0.000249677048592,2,85894,0.0435121933576744
123,124,1901.4999999999884,0.7466367713004485,0.0002502562291206,0,147604,0.0365539029767911
359,360,1280.399999999995,0.6314791403286979,0.0002531265487439,2,60146,0.0508029510877621
900,901,538.9000000000015,0.6342857142857142,0.0002534860394779,0,59853,0.0177847567654794
919,920,1580.9999999999916,0.6875430144528561,0.0002534887612727,0,106709,0.0416118977712105
467,468,1555.2999999999922,0.6713709677419355,0.000255149411521,2,87396,0.0427934993056213
283,284,1808.1999999999891,0.7356406480117821,0.0002558412674207,0,141460,0.0373036621233236
777,778,1132.399999999996,0.6216552582451773,0.000260004302454,1,50148,0.0395952923931349
970,971,1417.9999999999943,0.6642287234042553,0.0002639689955516,0,88540,0.0445046588117841
514,515,1059.499999999996,0.6568047337278107,0.0002645039598937,1,75665,0.0301275339212307
631,632,838.2999999999982,0.6021699819168174,0.0002647123437172,0,38809,0.0334721227257963
235,236,1525.5999999999945,0.6814461118690314,0.0002659145203003,2,95789,0.0402501942890575
519,520,1467.8999999999935,0.6759133964817321,0.0002710911255834,2,89084,0.0400805968906228
987,988,906.5999999999968,0.655511811023622,0.0002717063287531,0,74184,0.0255753703635985
765,766,1716.59999999999,0.6932685634975712,0.0002724710098109,0,107276,0.0420938135351134
935,936,1585.4999999999925,0.6795918367346939,0.0002789748835866,0,94795,0.0425110217538517
202,203,849.4999999999984,0.6072948328267477,0.0002821315778754,0,41065,0.0313937272954563
773,774,1439.5999999999924,0.670020120724346,0.0002824829103238,2,85358,0.0405664934694909
164,165,915.8999999999984,0.6162862430598396,0.000283682734743,0,45871,0.0303853588985936
331,332,1309.4999999999934,0.6576695194206715,0.0002854042460763,0,76933,0.0424780799443838
950,951,1376.199999999994,0.6533682145192936,0.0002865007735394,2,75768,0.0443523520107875
430,431,1465.499999999993,0.6651131824234354,0.0002904258462011,2,83501,0.0431281999548943
273,274,1910.4999999999868,0.7591185410334347,0.000291471676704,0,161546,0.0357474050264571
462,463,1374.299999999993,0.6884906960716747,0.0002950445130508,2,99639,0.0366786360035691
275,276,1521.8999999999928,0.7105263157894737,0.0002992987816545,0,128996,0.0375706622238354
286,287,1367.1999999999932,0.6722745625841184,0.0002998744829429,2,86812,0.0395267371240192
421,422,1350.5999999999951,0.647020725388601,0.0003029801896909,2,69687,0.0458552202173049
168,169,1378.3999999999949,0.7045133991537377,0.0003033148370567,2,119985,0.0349409203979347
145,146,1830.199999999992,0.7075070821529745,0.0003040700606013,0,118183,0.0408404097492345
526,527,1579.1999999999928,0.76905311778291,0.0003057613424273,2,168741,0.0306874771549904
334,335,1348.499999999994,0.6629064366290643,0.0003067546721749,2,82200,0.0413952775291391
579,580,1451.399999999992,0.676829268292683,0.0003090418965217,0,94838,0.0405527136207043
303,304,1346.2999999999931,0.6691225720026792,0.0003108882644146,0,87440,0.0399597387111284
832,833,1239.0999999999958,0.6338832487309645,0.0003116685968923,2,60938,0.0484853954960751
870,871,1395.4999999999925,0.6682274247491639,0.00031256309334,2,85497,0.0409638503877806
611,612,1358.7999999999936,0.6777476255088195,0.0003139750606347,2,95488,0.0390696664237851
991,992,1366.199999999994,0.6677807486631016,0.0003139811667629,0,87599,0.0404935514589315
248,249,1458.2999999999915,0.675,0.0003144061746681,0,92439,0.0412312889117693
127,128,824.9999999999977,0.6232064878353087,0.0003181807418486,0,48204,0.0248748097289924
610,611,1308.999999999994,0.6889655172413793,0.000321313764607,0,106448,0.0305098610884372
823,824,843.4999999999982,0.6495448634590377,0.000322657440324,0,70388,0.024104425329027
890,891,1530.599999999995,0.7060070671378091,0.0003272726283233,0,121353,0.0372485824788283
279,280,1070.599999999997,0.6731805929919138,0.0003310310343112,0,88437,0.0261177708486629
238,239,1730.0999999999894,0.7161290322580646,0.0003331346349135,2,119090,0.0378767138375107
343,344,1366.6999999999928,0.6664442961974649,0.0003333178043262,2,84933,0.0411529296967838
914,915,1395.7999999999931,0.709013484740951,0.0003344681550239,0,113900,0.0290187742005777
681,682,754.499999999999,0.6159062885326757,0.000335512416781,0,46308,0.0268516713901321
144,145,1441.9999999999936,0.6563731931668857,0.0003387136577374,2,80798,0.0448773911815524
122,123,1456.499999999993,0.6908713692946058,0.0003401538141269,0,106961,0.0381725046685712
308,309,350.9000000000015,0.5989208633093526,0.0003408230610112,0,38443,0.016721588378931
36,37,1477.099999999994,0.7181883537023724,0.0003427497179381,2,125202,0.0339006814463793
469,470,1085.5999999999967,0.6346886912325286,0.0003433323307679,1,57802,0.0343220995461392
634,635,1131.2999999999968,0.7265454545454545,0.0003437075467932,1,137906,0.0251058219559964
677,678,1433.0999999999942,0.7045133991537377,0.0003488346497771,2,110410,0.0345802264424861
532,533,1548.699999999994,0.6942321056289089,0.0003508821583579,2,106459,0.0381890319813036
955,956,1397.4999999999932,0.7000700770847933,0.0003517687450671,2,108084,0.0350935555315715
347,348,807.8999999999979,0.6110091743119266,0.00035393834835,0,42491,0.0296860418169068
55,56,1623.1999999999905,0.7239130434782609,0.0003540123593031,0,126543,0.0347766840590657
160,161,1581.1999999999937,0.6923076923076923,0.0003557977770229,0,102566,0.0389906032624166
4,5,1051.499999999997,0.6516634050880626,0.0003572988277195,1,70236,0.0303687473374744
265,266,1419.8999999999933,0.728134110787172,0.0003588302962158,1,136780,0.0291148880978715
125,126,1274.7999999999945,0.6851851851851852,0.0003602665622694,1,98202,0.0305813135997132
239,240,1137.1999999999955,0.6445161290322581,0.0003624047230746,1,63306,0.0331693540584962
534,535,1151.7999999999945,0.6682274247491639,0.0003627773228455,0,84919,0.0283207072805214
452,453,980.2999999999976,0.6147692307692307,0.0003634108910098,1,47341,0.0380758686464169
1,2,1606.499999999989,0.6913494809688582,0.000364587295965,2,103783,0.0403002563921768
218,219,1351.2999999999936,0.670020120724346,0.0003679787034461,0,93785,0.0411625557966308
886,887,1535.7999999999909,0.7350993377483444,0.0003745061442815,2,138347,0.0328680669737527
728,729,1521.0999999999926,0.6686746987951807,0.0003758692929611,2,88605,0.0423904424862722
296,297,1431.6999999999928,0.7010526315789474,0.0003767676991957,0,117929,0.0365266778054094
601,602,813.1999999999981,0.6259398496240601,0.0003794166635498,0,53400,0.0266206044832576
10,11,997.699999999996,0.702037947997189,0.0003804070341975,0,122516,0.023545972024094
103,104,1490.299999999993,0.708008504606662,0.0003813401539106,2,116499,0.0354292577580717
267,268,585.2000000000018,0.6359007001909611,0.0003829782695389,0,66348,0.0203212655493913
374,375,1440.0999999999922,0.697138869504536,0.0003834880119083,0,105506,0.0357943762850456
698,699,1009.099999999997,0.6445161290322581,0.0003849853635167,1,72103,0.0326787580714789
996,997,1445.1999999999937,0.7455223880597015,0.0003850244671135,0,153720,0.031642210686871
980,981,1388.799999999993,0.708008504606662,0.0003860724000443,2,113766,0.0337554532809385
67,68,1117.099999999996,0.6576695194206715,0.0003866572561875,1,76510,0.0315564397661502
391,392,1098.599999999995,0.6542239685658153,0.0003872292278742,1,74971,0.0316242471185249
304,305,1720.39999999999,0.748314606741573,0.0003878921877867,0,154859,0.0350678681218793
821,822,1448.0999999999938,0.6563731931668857,0.0003879871606526,0,76658,0.0454210506847206
480,481,961.1999999999978,0.635092180546726,0.0003889226733086,0,58956,0.0280309417429654
629,630,869.9999999999984,0.6330798479087453,0.0003893787938663,0,58928,0.0271342293329656
826,827,959.599999999997,0.627906976744186,0.0003896986574644,1,55385,0.0336122396624581
943,944,1389.0999999999904,0.7055084745762712,0.0003901263651108,1,112314,0.0300019407646702
835,836,1453.4999999999927,0.6686746987951807,0.0003907551728544,0,83375,0.0417355619472699
844,845,1420.399999999992,0.7202595529920692,0.0003921439864088,2,134905,0.0331262808043773
31,32,1699.8999999999903,0.7151037938439513,0.0003926403800523,0,124091,0.037851348206715
270,271,1159.099999999995,0.6642287234042553,0.0003927142323556,0,82527,0.0288016766864311
118,119,1838.999999999982,0.7585421412300684,0.0003931874051135,0,165061,0.0355239022516868
541,542,710.5999999999993,0.6102626756261453,0.0003935312971548,0,45216,0.0254830432106982
727,728,1293.1999999999944,0.7181883537023724,0.0003957389369172,1,124813,0.0274562482708565
157,158,1059.899999999997,0.6903939184519696,0.0003958304215098,0,109720,0.0252817671184069
922,923,1688.7999999999886,0.7556732223903178,0.0003960069348179,0,165550,0.0340655173225256
967,968,1667.1999999999894,0.7780373831775701,0.0003963802139293,0,181338,0.0316364088568418
889,890,1418.3999999999933,0.6851851851851852,0.0003968848098563,2,99849,0.0375762097688718
620,621,1022.8999999999968,0.641206675224647,0.0003969150088961,1,63669,0.0318128250781351
818,819,1194.499999999995,0.7254901960784313,0.000398036179493,1,128677,0.0248259571938986
411,412,1185.4999999999957,0.6923076923076923,0.0003981821038158,1,106134,0.028524394555231
439,440,937.199999999998,0.6664442961974649,0.0003985880287199,0,85124,0.0248346331398583
26,27,1717.9999999999902,0.7100213219616205,0.0003988566903678,0,116497,0.0381570192891565
642,643,1701.2999999999877,0.738359201773836,0.0003988801791629,0,147303,0.0357984338796125
722,723,1711.6999999999891,0.7329420396184886,0.0003995563195279,0,142513,0.0366956234872361
857,858,818.7999999999998,0.6204968944099379,0.0004002482148692,0,51268,0.0281134653781477
616,617,1343.7999999999925,0.666,0.0004009007645971,0,85836,0.0402725108845213
236,237,506.0000000000019,0.6363057324840764,0.0004021273890434,0,62058,0.0167275067093746
477,478,1649.4999999999911,0.7522590361445783,0.0004033163174523,0,157900,0.0333407599489762
405,406,871.2999999999982,0.6371173469387755,0.0004038782265365,0,60945,0.0261977968550489
699,700,1326.1999999999944,0.6691225720026792,0.0004040087874263,0,82400,0.0390667155190562
92,93,1851.5999999999904,0.7708333333333334,0.0004055009242313,2,168509,0.0339283770864823
804,805,1607.2999999999895,0.7324046920821115,0.0004080461714829,2,132350,0.0334633857542013
908,909,1591.1999999999896,0.7539622641509434,0.000410624684728,2,157647,0.0315728197823914
871,872,1311.1999999999948,0.670020120724346,0.000412286706389,2,86284,0.0385548092395591
320,321,1070.8999999999958,0.6828434723171565,0.0004143581771845,0,99805,0.0258108649391214
338,339,1191.399999999994,0.6875430144528561,0.0004155378359062,1,97267,0.0278006843951295
442,443,1426.1999999999923,0.6894409937888198,0.0004159050340721,2,102021,0.0367366499665161
258,259,1649.69999999999,0.7433035714285714,0.0004162433870535,2,146853,0.0331780890336053
176,177,1551.19999999999,0.7265454545454545,0.0004162749775467,0,135226,0.0340914061310152
732,733,1407.5999999999929,0.6805177111716622,0.0004194228287319,1,95237,0.0335520280072489
495,496,1514.199999999992,0.7015449438202247,0.0004215662768494,2,107970,0.0361216932549521
609,610,987.5999999999972,0.6620278330019881,0.000422199310845,0,78456,0.0243135234992395
901,902,1425.199999999991,0.7313323572474377,0.0004227749251446,1,136490,0.0285671240487898
57,58,1570.399999999991,0.7115384615384616,0.0004234671192496,0,120525,0.0362220672084778
413,414,866.3999999999983,0.6602775941837409,0.0004235991619523,0,82095,0.0238404445256803
809,810,756.1999999999988,0.6326789107029765,0.0004238255818445,0,59521,0.0230367850237227
79,80,1830.7999999999909,0.7516930022573364,0.0004258411813398,0,156892,0.0352922652545521
824,825,1260.2999999999931,0.666,0.0004265501632025,0,86798,0.039629725083843
471,472,1420.7999999999902,0.6956824512534819,0.0004279402213114,0,102445,0.0356123129704527
20,21,1481.799999999991,0.670020120724346,0.0004289609922626,0,83326,0.0416071258619783
73,74,1462.1999999999894,0.7202595529920692,0.0004294384805723,2,122487,0.0328050443778343
759,760,1425.4999999999918,0.6908713692946058,0.000430193749706,2,102462,0.0363078387855512
676,677,1602.1999999999905,0.7125534950071327,0.0004311295323924,0,125620,0.0368083170414382
838,839,1490.5999999999913,0.7302631578947368,0.0004324863517779,0,143304,0.0337809188470332
109,110,1537.59999999999,0.7015449438202247,0.0004328027906036,0,112151,0.036987805209511
124,125,1492.799999999991,0.7522590361445783,0.0004330794277923,0,161074,0.0315778601809777
195,196,1227.299999999993,0.7045133991537377,0.0004338558338439,0,116787,0.0260535150540716
578,579,1021.5999999999964,0.6457659987071752,0.0004354481644974,1,69437,0.0308467947647973
770,771,876.4999999999983,0.6189591078066915,0.0004388429115464,0,45476,0.027731268977974
499,500,932.8999999999986,0.6913494809688582,0.0004388705306552,0,103163,0.0220198619877579
830,831,1525.399999999992,0.6942321056289089,0.0004389651185008,2,109633,0.037777768511127
640,641,1125.2999999999947,0.6682274247491639,0.000439007903812,0,92452,0.0283232447427464
905,906,1331.0999999999929,0.6682274247491639,0.0004392285235586,2,86608,0.0400934222389993
584,585,1383.5999999999915,0.6576695194206715,0.0004393108363308,2,79665,0.0432069572284068
983,984,1500.999999999994,0.7340191036002939,0.0004394291301822,2,136041,0.0320541090892115
574,575,1498.0999999999926,0.7202595529920692,0.0004398674221143,0,125383,0.0336789982756095
664,665,1686.4999999999898,0.7085106382978723,0.0004409696624746,2,117078,0.037901721871748
595,596,903.9999999999984,0.644932214331827,0.0004442576548978,0,68299,0.0253694892005645
155,156,1066.399999999997,0.7015449438202247,0.0004443724047846,1,111821,0.024819081414339
120,121,1747.9999999999895,0.7433035714285714,0.0004453477783951,0,150814,0.0355969122370086
225,226,1460.6999999999912,0.7015449438202247,0.0004455319635494,0,113835,0.0360739039805642
892,893,1576.5999999999897,0.7291970802919708,0.0004473091387203,0,137150,0.0340253820587257
757,758,1298.0999999999924,0.6777476255088195,0.0004475749839324,2,87244,0.0361282149895768
794,795,1019.099999999998,0.6837782340862423,0.0004476344172277,0,97285,0.0240817143065258
891,892,790.8999999999979,0.6441005802707931,0.0004510564930691,0,65559,0.0232739638768571
718,719,1421.699999999992,0.7055084745762712,0.000451392204999,2,114136,0.0346464433391652
420,421,1698.1999999999907,0.7738187451587917,0.0004542751185812,0,179258,0.0321951552462325
853,854,1401.6999999999912,0.7340191036002939,0.0004543475823881,2,134141,0.0306232049723052
822,823,1423.799999999993,0.6903939184519696,0.0004600863548072,0,102010,0.0366001063415045
567,568,1077.999999999997,0.6416184971098265,0.0004650308208145,1,64170,0.0328930805137473
786,787,826.099999999998,0.655511811023622,0.0004655001042674,0,77947,0.0229121388035972
318,319,1397.799999999992,0.7035211267605633,0.0004655131227005,2,111842,0.0344793000882569
306,307,1647.299999999988,0.7085106382978723,0.0004662390784092,2,113577,0.0377138749445996
717,718,1069.099999999994,0.6602775941837409,0.0004675697364267,0,81734,0.027672754540768
577,578,1253.199999999994,0.6563731931668857,0.0004683654069405,2,77993,0.0413537576364396
596,597,1299.499999999993,0.6800544588155207,0.0004699030636227,0,100814,0.0378306633132938
260,261,1784.7999999999904,0.7756211180124224,0.0004709579007656,2,171608,0.0323829877974836
893,894,1394.399999999991,0.7065063649222065,0.0004725551415268,2,111487,0.0335848449406676
148,149,1351.099999999993,0.7367256637168141,0.0004726880831993,1,143443,0.026983942172248
419,420,1003.5999999999976,0.6342857142857142,0.0004736665978936,1,57416,0.0326278689833025
721,722,1044.4999999999975,0.6814461118690314,0.0004744097148314,0,101466,0.0253984482914773
406,407,1557.3999999999892,0.7060070671378091,0.0004749848300578,2,112466,0.0355388400788325
28,29,1480.799999999991,0.69375,0.000476250701831,2,102066,0.0370516782072658
667,668,1520.5999999999904,0.7356406480117821,0.0004772028737552,0,146392,0.0336424389848819
190,191,1455.1999999999907,0.7356406480117821,0.000477597072341,2,137496,0.0313058648365818
591,592,1471.999999999991,0.7361827560795873,0.0004782602464321,1,143270,0.0289268044319962
769,770,908.3999999999976,0.7329420396184886,0.0004789076123323,0,150121,0.0208897147566734
657,658,1702.199999999988,0.738359201773836,0.0004790494211199,0,139728,0.0350797537662973
429,430,1548.8999999999903,0.7602739726027398,0.0004795301305223,2,159717,0.0305244965810983
848,849,665.5999999999998,0.6128834355828221,0.0004797054188249,0,44816,0.0235708967661112
812,813,1216.199999999994,0.6861263736263736,0.0004826177935061,0,95630,0.0268351137758663
512,513,1722.5999999999865,0.7394522575869726,0.0004827937717826,0,149020,0.0357784587172278
219,220,1583.7999999999909,0.6918282548476454,0.0004844118650978,0,103213,0.0399893004517425
289,290,1708.8999999999892,0.7372693726937269,0.0004855258816326,0,141992,0.0352801290680497
460,461,1024.899999999997,0.6894409937888198,0.0004856240508602,0,107769,0.0242570217888192
42,43,1004.6999999999972,0.6736345246122725,0.0004872463184379,0,89576,0.0231220661190386
568,569,1483.3999999999912,0.7505634861006761,0.00048726312443,0,161623,0.0314797343526231
2,3,1497.999999999991,0.7585421412300684,0.0004896245252822,1,154379,0.0269933047853004
813,814,1502.799999999991,0.7539622641509434,0.0004897988271186,0,160312,0.0305504704348214
98,99,1523.4999999999898,0.7655172413793103,0.0004904435665205,0,172918,0.0309918518102821
101,102,1514.1999999999912,0.6875430144528561,0.0004918397036295,0,97331,0.0384537360696486
746,747,1376.5999999999924,0.7025316455696202,0.0004940885013685,0,113481,0.0348397257400161
6,7,1330.5999999999929,0.6908713692946058,0.0004952094289366,1,101062,0.0303905259786749
130,131,1449.7999999999915,0.697138869504536,0.0004953603145325,0,109617,0.0360679111654804
297,298,1197.7999999999945,0.697138869504536,0.000496130645305,1,105544,0.0278092075175332
459,460,1428.0999999999888,0.7625954198473283,0.0004966969602049,0,165260,0.0259622864689599
792,793,1358.999999999992,0.6814461118690314,0.00049697991583,2,94388,0.037470897812352
33,34,1429.399999999992,0.7140814867762688,0.000497171813934,2,118653,0.0332287622701306
129,130,1415.5999999999938,0.7085106382978723,0.000497627666094,2,116536,0.0336425825435568
290,291,1425.7999999999922,0.7135714285714285,0.0004978364854127,2,117478,0.0333063767135562
725,726,920.1999999999967,0.6809815950920245,0.0004987545397916,0,94099,0.0221830110162823
776,777,831.6999999999981,0.6537958115183246,0.0004992183583169,0,74216,0.0224447288887281
680,681,1461.7999999999909,0.7291970802919708,0.0004996358841212,2,135906,0.0316155522728395
491,492,1565.299999999991,0.7684615384615384,0.0004999300504178,2,165332,0.0296804860047799
126,127,1224.999999999994,0.7176724137931034,0.0005011940849324,0,122828,0.0247240783665851
350,351,1374.899999999992,0.6990902729181245,0.0005018530460863,0,114436,0.0354419621763199
688,689,1493.9999999999918,0.7471952131637996,0.0005023783696296,2,146546,0.030486548672993
548,549,1450.7999999999925,0.6727272727272727,0.0005028469520658,0,89805,0.0416438689990305
324,325,1450.7999999999922,0.6903939184519696,0.0005029969989319,2,100744,0.0367273272496977
230,231,1612.4999999999905,0.7684615384615384,0.0005059141144698,1,169045,0.0278369718261599
592,593,1564.3999999999917,0.7212996389891697,0.0005066317000539,0,130684,0.0350449654415467
552,553,867.6999999999977,0.624765478424015,0.0005066685456024,0,51508,0.0268734030103712
322,323,1643.499999999989,0.7050105857445307,0.000506835321281,2,106401,0.0374442416925407
508,509,1340.9999999999911,0.702037947997189,0.0005068604526617,1,108248,0.0289423902410582
507,508,1446.9999999999914,0.7135714285714285,0.0005080792038086,2,119933,0.0336260248104668
392,393,1491.6999999999894,0.7539622641509434,0.000509181669766,0,160312,0.0303135932767075
149,150,1078.299999999996,0.6956824512534819,0.0005097870232323,1,105444,0.0260871393674181
466,467,1350.599999999993,0.6981132075471698,0.0005098549239344,2,109483,0.0348518866753448
53,54,1818.4999999999916,0.7786438035853468,0.0005104674464051,2,171318,0.0321722114918127
163,164,1600.599999999988,0.7260174418604651,0.000510886217284,0,128375,0.0339998687533665
119,120,1434.399999999989,0.7291970802919708,0.0005112663253758,0,130603,0.0312755467153547
128,129,1162.6999999999944,0.6529411764705882,0.0005135567533065,0,71366,0.0287958795544333
753,754,1733.4999999999866,0.7708333333333334,0.0005152552320229,2,164790,0.0319315131244699
60,61,1414.5999999999913,0.7297297297297297,0.0005172467156089,1,139018,0.0285517887387933
449,450,1783.09999999999,0.7135714285714285,0.0005172770442183,0,113310,0.0376547630812381
415,416,1514.5999999999922,0.6942321056289089,0.0005173293710818,2,106676,0.0370347584149635
811,812,1402.2999999999906,0.7405485544848036,0.0005173390454123,2,142679,0.0299086318054986
865,866,1504.699999999991,0.7947494033412887,0.0005178834651669,0,193827,0.028417388701153
543,544,867.2999999999978,0.6302839116719243,0.0005184484377199,0,55216,0.0268829253955413
909,910,1422.9999999999918,0.6814461118690314,0.0005191912728302,0,99356,0.0378275387446559
170,171,1611.1999999999891,0.7254901960784313,0.0005200725314309,0,127123,0.0340026216683514
603,604,1721.7999999999893,0.8155102040816327,0.0005208675552811,2,199757,0.0285400991924251
108,109,813.8999999999979,0.621268656716418,0.0005209841620536,0,50170,0.0274595715981464
222,223,1540.3999999999917,0.7427509293680298,0.0005211247129545,0,146214,0.0323789651301
229,230,1486.89999999999,0.7444113263785395,0.0005214188622667,0,154237,0.0313913614195805
27,28,1553.2999999999904,0.7460791635548917,0.0005215672741686,2,142855,0.0309322691720886
410,411,514.9000000000023,0.6367112810707457,0.0005233266049056,0,63593,0.0164951471546253
240,241,923.1999999999966,0.6880165289256198,0.0005241878268615,0,110640,0.023049315656995
525,526,1134.8999999999965,0.6903939184519696,0.0005254663784658,1,100969,0.0265568088028023
54,55,1177.9999999999934,0.6722745625841184,0.0005298662272591,1,87932,0.0290042797922977
74,75,1418.599999999994,0.6731805929919138,0.0005306395350153,2,87905,0.0395218905011398
355,356,1454.1999999999944,0.67182246133154,0.0005319819874914,2,85914,0.0400886069324751
606,607,1914.099999999988,0.7732198142414861,0.0005322659315042,0,176432,0.0341635768822692
146,147,1306.799999999993,0.7318681318681318,0.0005327501756185,1,140965,0.0268266761571571
461,462,1555.3999999999892,0.7661042944785276,0.0005329254796788,2,164834,0.0294696008780718
947,948,1510.699999999991,0.6923076923076923,0.0005332732920254,2,102702,0.0376539885856558
206,207,1598.8999999999892,0.7714285714285715,0.0005375193149662,0,168334,0.0304770074329222
166,167,1423.6999999999907,0.7297297297297297,0.0005380289645239,0,145920,0.0331364416976129
509,510,821.0999999999975,0.6491228070175439,0.0005387400881983,0,68019,0.0233044898602099
56,57,1641.2999999999902,0.7372693726937269,0.0005387899241579,0,138283,0.0328147796457842
378,379,1622.599999999989,0.7192224622030238,0.0005398865676173,0,123874,0.0344813204808848
873,874,1510.4999999999898,0.7545317220543807,0.0005410020875164,2,152141,0.0298063997370607
538,539,1211.5999999999935,0.721820809248555,0.0005410826808853,1,124748,0.0250976576445744
40,41,895.499999999997,0.6568047337278107,0.0005420494847279,0,78579,0.024200019187249
476,477,1342.9999999999911,0.7085106382978723,0.0005421062988822,0,125024,0.0339855775277531
671,672,1206.9999999999934,0.6740890688259109,0.0005423138526363,1,88702,0.0300346404679843
12,13,1638.4999999999889,0.7762237762237763,0.0005429299273001,0,180262,0.0310918874118601
632,633,1438.3999999999903,0.75,0.0005434789608253,0,160432,0.0311640420459783
327,328,989.6999999999975,0.6990902729181245,0.0005435763811958,0,112892,0.0224714233567631
135,136,1779.699999999987,0.7608530083777608,0.0005438738336709,0,162999,0.0335039807267876
599,600,980.7999999999964,0.7156160458452722,0.0005448730844601,0,127534,0.021846528768491
468,469,1651.1999999999891,0.785377358490566,0.0005449345350584,0,184505,0.0304371421596731
150,151,1864.2999999999852,0.8030546623794212,0.0005458039063212,2,192164,0.0310674384139017
758,759,1401.0999999999924,0.7410979228486647,0.0005461657473607,0,149036,0.0311546003870109
23,24,1590.3999999999896,0.7181883537023724,0.0005464989970727,2,122346,0.0342459668118193
638,639,1416.4999999999925,0.7786438035853468,0.000548788236046,1,171589,0.0246843074456619
152,153,1388.7999999999931,0.7202595529920692,0.0005489414429481,2,129012,0.0319312297020844
894,895,1438.999999999991,0.6837782340862423,0.0005489995505108,2,99009,0.0378511298412509
39,40,1138.799999999995,0.68707015130674,0.0005491008884213,1,99131,0.0278782305400819
370,371,1059.8999999999965,0.6745442268737339,0.0005491508833542,0,84764,0.0236200457630273
902,903,1463.1999999999923,0.718705035971223,0.0005492796931878,2,125215,0.0330126876319439
475,476,1780.8999999999874,0.8175122749590835,0.0005493457144064,0,207854,0.0296496356499756
887,888,1435.099999999992,0.728134110787172,0.0005505913943365,2,134757,0.0318393040957926
291,292,1494.3999999999917,0.6976256983240223,0.000551002756827,0,110428,0.0367547729245638
315,316,1100.0999999999951,0.718705035971223,0.0005519313254115,0,130218,0.0228430788914228
317,318,828.0999999999968,0.6491228070175439,0.0005523326806224,0,78968,0.0240533052693754
877,878,1568.4999999999902,0.738905325443787,0.0005525807225499,2,137822,0.0323537167259081
756,757,1677.5999999999894,0.8056451612903226,0.0005533321771988,0,198998,0.029280602257546
924,925,1567.3999999999912,0.7125534950071327,0.0005546917401755,0,124992,0.0359627778833157
762,763,1480.9999999999898,0.7427509293680298,0.0005553280455271,0,151146,0.0315330605792281
329,330,1362.3999999999912,0.6913494809688582,0.00055658341025,1,104606,0.0314335851383807
536,537,1693.199999999992,0.7884767166535123,0.0005590751972508,0,185863,0.0304620532908924
883,884,1168.3999999999949,0.6800544588155207,0.0005597129651783,1,93536,0.0283310572483769
217,218,1955.8999999999835,0.76905311778291,0.0005604412511815,0,165840,0.0350360308560911
181,182,1476.7999999999895,0.7455223880597015,0.0005610062378433,0,155545,0.0315397266416146
708,709,810.9999999999985,0.6624668435013262,0.0005610424748153,0,78982,0.0218038682837308
570,571,1360.2999999999952,0.6823770491803278,0.0005610503618645,2,100699,0.0370386403328748
917,918,1537.3999999999912,0.785377358490566,0.0005619456094042,0,185098,0.0292571739517601
32,33,1468.29999999999,0.7466367713004485,0.0005624094109888,0,159906,0.0317052990683876
139,140,1198.2999999999918,0.7065063649222065,0.0005632578179727,0,106549,0.0246170902493861
517,518,1069.4999999999957,0.6722745625841184,0.0005637952807824,1,89154,0.0282628942245815
399,400,936.5999999999972,0.7324046920821115,0.0005647324351731,0,149360,0.0212130256830065
619,620,1414.09999999999,0.7666922486569455,0.0005657193151803,2,166391,0.0283605950901702
189,190,1475.1999999999905,0.7444113263785395,0.0005662683546238,0,154463,0.0311582382610945
470,471,1643.8999999999903,0.7756211180124224,0.0005662902216271,2,169110,0.0297266001597322
571,572,856.2999999999985,0.7192224622030238,0.0005684558953248,0,139608,0.0206551457291784
782,783,1171.8999999999946,0.6673346693386774,0.0005686096263464,1,80857,0.0291494740530114
241,242,1532.6999999999912,0.7897233201581028,0.0005694516417172,0,188634,0.0290417950097884
990,991,1653.6999999999916,0.7738187451587917,0.0005694625148859,0,172286,0.0307927944412406
771,772,1546.899999999992,0.7145922746781116,0.0005700127088644,0,121919,0.0346519945132342
910,911,1646.8999999999917,0.837384744341995,0.0005700273448925,0,213805,0.0266265861918251
63,64,1449.2999999999904,0.7244379985496737,0.0005707074732514,2,126813,0.0317107925644353
751,752,890.0999999999976,0.6387468030690537,0.0005712773313783,0,63821,0.0246720798703242
21,22,1027.8999999999987,0.7161290322580646,0.0005719437908429,0,121922,0.0213741785616658
44,45,1441.799999999993,0.7207792207792207,0.0005722649386314,0,123419,0.0322730964454988
556,557,1485.09999999999,0.7556732223903178,0.0005739958546717,0,156918,0.0304711532687924
895,896,1309.2999999999925,0.7372693726937269,0.0005746217949064,1,142421,0.0257411294017206
654,655,1874.4999999999857,0.7568181818181818,0.0005748456922158,0,161100,0.0345824283885633
986,987,1478.1999999999894,0.7244379985496737,0.000574898417663,1,133819,0.0293645583713163
382,383,1339.099999999993,0.6923076923076923,0.0005751387775631,0,109722,0.0358684969355661
618,619,1005.3999999999965,0.7156160458452722,0.0005789298675424,0,128058,0.0217883891673779
435,436,1861.799999999986,0.7798594847775175,0.0005794354623698,0,176580,0.0332502351776039
674,675,800.0999999999975,0.6594059405940594,0.0005801591214193,0,77750,0.0214572357838784
339,340,1519.59999999999,0.7786438035853468,0.0005801969907363,0,182372,0.0296534588376726
951,952,916.3999999999974,0.7125534950071327,0.0005830829719952,0,134103,0.0216792414066429
958,959,1602.299999999988,0.7816901408450704,0.000583712063642,0,176405,0.029921534597015
488,489,1595.6999999999898,0.7100213219616205,0.0005837664707969,2,116290,0.0350811330244173
644,645,1495.1999999999907,0.7859952793076318,0.0005870193996337,0,186949,0.028952337349397
71,72,1508.499999999991,0.7345588235294118,0.0005874120128171,2,145232,0.0322361036969071
447,448,1383.099999999993,0.7161290322580646,0.0005876033791768,0,122343,0.032912910222179
969,970,1703.5999999999897,0.76905311778291,0.0005876215708549,0,170823,0.0319716429806587
380,381,1215.799999999995,0.7602739726027398,0.0005887439827236,1,159681,0.0228427442883025
984,985,1639.6999999999884,0.8056451612903226,0.0005901935517705,0,196214,0.028988036812503
723,724,1431.5999999999935,0.6947148817802503,0.0005902460262273,2,109026,0.0355621039307683
276,277,1648.8999999999887,0.7568181818181818,0.0005916213029161,2,155161,0.0316831413437432
780,781,1154.2999999999934,0.723388848660391,0.000591860940342,1,132949,0.0244702785837631
200,201,1032.8999999999955,0.6691225720026792,0.0005924145102825,0,81236,0.0238222365724286
522,523,1488.9999999999916,0.666,0.0005927449264642,2,82085,0.0418649168329675
834,835,878.0999999999975,0.6651131824234354,0.0005935002018679,0,86638,0.0230782449137955
184,185,1547.1999999999907,0.7511278195488722,0.0005936434052565,2,152863,0.0310475238472054
784,785,1035.6999999999966,0.7302631578947368,0.0005959027074039,0,139094,0.0218065218713651
661,662,1563.399999999989,0.75,0.0005964282083069,0,145384,0.0312320597509862
954,955,1488.6999999999916,0.7318681318681318,0.0005966527920282,2,135589,0.0314145182715278
587,588,1462.4999999999911,0.7291970802919708,0.0005971276002014,2,129077,0.0315082215694482
686,687,1523.39999999999,0.7637614678899083,0.0005973318471638,0,169829,0.0307685123006953
682,683,1567.4999999999905,0.7085106382978723,0.0005974921998561,2,115477,0.0349709828360526
102,103,913.0999999999964,0.6568047337278107,0.0005980792441829,0,74847,0.0239065296862052
59,60,1476.0999999999897,0.7455223880597015,0.0006004306647161,2,140878,0.0297332484581669
551,552,1746.7999999999884,0.7744186046511627,0.000600459416307,0,175921,0.0324632590533657
402,403,1950.3999999999864,0.8175122749590835,0.0006007334370317,0,204482,0.030781816020195
440,441,1666.599999999992,0.830423940149626,0.0006012842534211,1,211124,0.0253094062298532
913,914,1282.6999999999898,0.6782077393075356,0.0006019543307187,0,106912,0.0384609237466136
851,852,1733.8999999999894,0.7947494033412887,0.000602972202018,0,192025,0.0304231868333303
747,748,983.6999999999964,0.6837782340862423,0.000604180217096,0,96348,0.023451875922915
389,390,1557.5999999999888,0.75,0.0006047954129897,0,153493,0.0317423796905983
77,78,1160.8999999999942,0.6795918367346939,0.0006060686926365,0,94329,0.0262885010187971
489,490,1713.099999999989,0.7829153605015674,0.0006061300274407,0,182707,0.030933930249153
154,155,959.1999999999966,0.6814461118690314,0.0006063140558699,0,97415,0.0229513979342424
463,464,1505.2999999999909,0.7649310872894334,0.000606345027032,0,171577,0.0301051283931106
741,742,728.1999999999988,0.6375239310784939,0.0006074666576921,0,62809,0.0222107155657719
172,173,1165.999999999995,0.6782077393075356,0.0006075978613293,1,92954,0.0286031590885213
502,503,1725.6999999999894,0.8161764705882353,0.000608493079593,0,206297,0.0291425419996316
976,977,959.5999999999976,0.7340191036002939,0.0006086198520222,0,141277,0.0201779701084709
358,359,1119.2999999999925,0.6691225720026792,0.0006089822922577,0,86255,0.0264243903699795
99,100,1040.4999999999968,0.6875430144528561,0.0006101790599644,1,100932,0.0258025111038404
566,567,1327.7999999999936,0.6951983298538622,0.0006104915607419,2,109262,0.0345328426156181
742,743,1155.999999999994,0.7792511700468019,0.0006107695341215,0,178056,0.0215322707593656
604,605,1064.8999999999965,0.7075070821529745,0.0006111751169097,0,116777,0.0231042978843547
58,59,1116.8999999999935,0.7010526315789474,0.0006121343439196,0,105828,0.0236273229836744
244,245,896.9999999999986,0.647020725388601,0.000612420315864,0,74855,0.0254503314476795
29,30,903.1999999999972,0.7156160458452722,0.0006136491540641,0,131414,0.0209998593181604
608,609,1678.699999999989,0.7556732223903178,0.0006138037679447,0,154078,0.031822439475426
982,983,523.8000000000022,0.6629064366290643,0.0006141734399326,0,84661,0.0165912717368447
648,649,1171.3999999999935,0.7130620985010707,0.0006153328712388,0,118588,0.0233179173127608
964,965,966.5999999999968,0.6842465753424658,0.000615837575038,0,94657,0.0223658333321721
580,581,1316.2999999999915,0.6777476255088195,0.0006167598090949,2,92812,0.0372492805141923
383,384,1356.399999999994,0.7941176470588235,0.0006168883507239,1,186376,0.0234353670524589
354,355,1637.4999999999916,0.7596958174904943,0.0006173875158918,0,163275,0.0318163511921123
630,631,1156.5999999999945,0.7176724137931034,0.0006187620577178,1,122272,0.0247866458656015
143,144,1636.7999999999893,0.7947494033412887,0.0006188029639538,2,187130,0.0281755448530367
957,958,1723.4999999999843,0.797923322683706,0.0006201461550164,0,195809,0.0299899792464127
709,710,1144.0999999999938,0.7522590361445783,0.0006202901013936,1,151610,0.0227262453073677
311,312,1109.9999999999966,0.7608530083777608,0.0006203133343575,0,160440,0.0208646593778265
633,634,1349.5999999999929,0.697138869504536,0.0006226971672467,2,105397,0.0339849246683605
268,269,808.1999999999983,0.6461836998706338,0.0006271739176972,0,74984,0.0247400440048163
748,749,1653.4999999999875,0.7916006339144216,0.0006274951737525,0,189323,0.0299167194320083
82,83,923.7999999999972,0.675,0.0006279833454179,0,88890,0.0223085044134998
498,499,1016.399999999998,0.709013484740951,0.0006284117186896,0,118841,0.0220731453632173
213,214,1113.3999999999944,0.7166427546628408,0.0006285194051722,0,125866,0.0227068078357092
549,550,911.599999999998,0.7197406340057637,0.0006287453792918,0,134843,0.0207309061753741
266,267,1460.1999999999896,0.738359201773836,0.0006291811280641,2,142451,0.0308891427646723
368,369,1449.199999999988,0.7291970802919708,0.0006295751138978,1,139362,0.0281260506989879
814,815,1528.0999999999913,0.6961672473867596,0.0006296314190358,2,106975,0.0364978944404936
978,979,1473.9999999999898,0.7130620985010707,0.0006299780358253,0,123275,0.0343932253470252
332,333,886.1999999999977,0.6777476255088195,0.0006309874522307,0,95463,0.0225879892129646
735,736,1625.4999999999873,0.7522590361445783,0.0006322405536586,2,144477,0.031613992556779
367,368,797.6999999999982,0.6445161290322581,0.0006323759416513,0,74062,0.0248755067023659
262,263,1417.899999999992,0.7579666160849773,0.000633635563504,2,158964,0.029074178597259
117,118,1560.6999999999912,0.7859952793076318,0.0006368561593937,0,185997,0.0294853122205499
256,257,1212.2999999999945,0.6942321056289089,0.0006369819510355,1,102967,0.0279495899470766
319,320,873.5999999999968,0.67182246133154,0.0006376695637757,0,88463,0.0224098992814445
697,698,1360.0999999999929,0.6884906960716747,0.0006384914803781,2,100407,0.0356740217675525
159,160,1291.799999999993,0.7750193948797518,0.000638491974266,1,172810,0.0237759313364732
97,98,885.7999999999985,0.6677807486631016,0.0006419809709914,0,90125,0.0235871568233939
197,198,1493.7999999999918,0.7505634861006761,0.0006421178576954,2,154954,0.0300837355086766
612,613,1432.8999999999892,0.7573919636087946,0.0006422276922361,1,154839,0.0261718573685786
927,928,928.1999999999964,0.709013484740951,0.0006429735865586,0,126299,0.0215419291042658
615,616,1465.3999999999903,0.7614329268292683,0.000644004473125,0,155210,0.029169535745017
134,135,1044.4999999999966,0.6956824512534819,0.0006443849646662,0,103460,0.0228706326252277
516,517,1044.9999999999964,0.7197406340057637,0.0006444091732064,0,126384,0.0223200642099151
204,205,1634.1999999999884,0.8128559804719284,0.0006448749246879,2,198318,0.0274339274361453
852,853,933.7999999999968,0.6691225720026792,0.0006451907675218,0,82204,0.023062970605021
573,574,1480.5999999999922,0.8135179153094463,0.0006451917217433,1,200451,0.0240173751800644
62,63,1059.1999999999955,0.6865979381443299,0.0006478657333257,0,102588,0.024917781483989
328,329,818.2999999999981,0.6533682145192936,0.0006481286020368,0,77963,0.0225907105822588
912,913,1570.6999999999891,0.7684615384615384,0.0006499729145168,0,169131,0.0303018676999302
3,4,1688.3999999999858,0.7427509293680298,0.0006502332141573,0,141355,0.0329153434113707
521,522,1417.7999999999904,0.7672811059907834,0.0006512247978275,2,166563,0.0281924624179104
37,38,951.7999999999964,0.7202595529920692,0.0006530310337572,0,129015,0.0210053000962171
132,133,1607.8999999999885,0.7350993377483444,0.0006532043876583,2,132094,0.0322672911755993
179,180,1421.3999999999917,0.7176724137931034,0.0006544368625501,0,123523,0.0328055455627529
349,350,989.1999999999967,0.6800544588155207,0.0006545636774149,0,97142,0.023567404746187
34,35,949.9999999999968,0.6646706586826348,0.0006549986582506,0,84273,0.0233037846322666
0,1,1005.0999999999974,0.6731805929919138,0.0006554507988966,0,87489,0.0240478141982825
70,71,1718.7999999999877,0.8037007240547064,0.0006586178065288,0,198296,0.02961093421846
923,924,793.2999999999978,0.6537958115183246,0.0006598590178498,0,79055,0.0222679792946325
557,558,919.7999999999972,0.6651131824234354,0.0006599932121082,0,80632,0.0225413863587663
854,855,1078.699999999995,0.6833105335157319,0.0006613937414322,1,96022,0.0260171746924549
774,775,1119.6999999999928,0.6607142857142857,0.0006628043824844,1,87123,0.0302426576712686
50,51,1499.4999999999889,0.7265454545454545,0.0006637202118209,2,125279,0.031857294827672
407,408,875.7999999999981,0.7340191036002939,0.0006641286883904,0,147928,0.0199215156713388
251,252,1179.4999999999957,0.6828434723171565,0.0006650567781893,0,94559,0.0269863470967915
733,734,1557.299999999991,0.781078967943706,0.0006670856369588,2,173774,0.0285058903958428
561,562,1166.4999999999936,0.6986013986013986,0.0006673068796749,1,109419,0.0262036893596384
424,425,1438.3999999999908,0.7841444270015698,0.000667760679922,2,179574,0.0272838672665033
292,293,1149.399999999994,0.7455223880597015,0.0006698740046606,1,156746,0.0234834804320944
930,931,883.5999999999981,0.6629064366290643,0.0006702390808777,0,83448,0.0225723100907465
250,251,842.0999999999981,0.6204968944099379,0.0006708533848212,0,48796,0.0278663046986669
998,999,806.1999999999981,0.6819112627986348,0.0006725799966192,0,106642,0.0215542668086631
228,229,1493.3999999999917,0.7313323572474377,0.0006728769175213,2,134754,0.0314289160188483
278,279,1507.4999999999927,0.7015449438202247,0.0006751457509595,2,111165,0.0354674527130691
342,343,1529.9999999999895,0.7556732223903178,0.0006752031375838,2,155481,0.0300059095043602
605,606,1557.4999999999875,0.7625954198473283,0.0006753499561357,0,162702,0.0306207792394335
487,488,1526.8999999999874,0.7866141732283465,0.0006756422353187,1,176355,0.0251376896934092
112,113,985.499999999996,0.7181883537023724,0.0006766080668104,0,131438,0.0215405558323507
474,475,714.6999999999992,0.652088772845953,0.0006775627198754,0,74398,0.0198432954946313
845,846,1420.099999999991,0.7372693726937269,0.0006785003771002,0,148513,0.0315238704283472
15,16,999.0999999999948,0.6837782340862423,0.0006791715982279,0,90414,0.0217309143284945
91,92,1095.0999999999929,0.6828434723171565,0.0006794078488602,0,96799,0.0248992984530679
513,514,1544.5999999999894,0.8128559804719284,0.0006809834991678,0,201126,0.0274495555771249
754,755,1166.299999999994,0.7947494033412887,0.0006820247901797,0,189861,0.0208829860614083
237,238,1360.3999999999917,0.8030546623794212,0.0006825660492399,0,190646,0.0224454881712883
216,217,1562.5999999999883,0.7276037873270211,0.0006825754721385,0,136263,0.0339454095064144
653,654,883.0999999999983,0.6976256983240223,0.0006833284553331,0,117016,0.021731417796353
161,162,1625.099999999987,0.8128559804719284,0.0006834296738332,2,195003,0.0273642504028255
650,651,1518.0999999999938,0.7702390131071704,0.0006834732099758,2,169402,0.0290854812057274
422,423,1623.499999999989,0.7477544910179641,0.0006837127596711,0,144319,0.0318640023221549
321,322,1612.0999999999876,0.7488755622188905,0.0006855337148778,0,152143,0.0322016957465887
482,483,814.0999999999985,0.655511811023622,0.0006867570449862,0,73145,0.0223693478036754
418,419,1636.4999999999875,0.7947494033412887,0.0006883479173185,2,185804,0.0282976051539998
789,790,1338.4999999999914,0.6856554564172959,0.0006892076822782,2,96654,0.035300735737633
693,694,1418.899999999991,0.7156160458452722,0.0006892567700135,2,118776,0.0321163042488113
627,628,899.6999999999964,0.6525146962769431,0.0006931208473104,0,71205,0.0230601440716894
224,225,1013.5999999999964,0.708008504606662,0.000693799752214,0,114411,0.0214112776896579
336,337,1492.1999999999907,0.7477544910179641,0.0006966759854521,0,155649,0.0312364617625003
186,187,1511.699999999991,0.7631779984721161,0.0006970282790441,2,154857,0.0287558735952477
100,101,994.099999999997,0.7361827560795873,0.0007004347717951,0,142541,0.0206558285362474
183,184,1278.5999999999929,0.7249637155297532,0.0007005303353087,0,132876,0.0247494013377977
624,625,1662.6999999999891,0.7511278195488722,0.0007007680285858,0,152167,0.0320180238835441
346,347,928.199999999997,0.6550819672131147,0.0007010405601242,0,71399,0.0238811301810822
985,986,1105.1999999999962,0.7405485544848036,0.0007017456190071,0,140181,0.0208623203559817
86,87,1184.299999999993,0.6795918367346939,0.0007021150319227,0,92622,0.026942262766175
744,745,1363.199999999991,0.728134110787172,0.0007040194209779,0,139450,0.0315385633661419
333,334,925.7999999999968,0.6956824512534819,0.0007051639533786,0,110427,0.0219268924039127
133,134,1455.6999999999875,0.7897233201581028,0.0007061998709305,1,182575,0.0245453978701878
933,934,921.6999999999978,0.6474400518470512,0.0007064780768555,0,66535,0.0250202844448926
330,331,1773.9999999999864,0.7591185410334347,0.0007079973435489,0,159033,0.033192531044693
946,947,1376.2999999999893,0.721820809248555,0.0007093920605324,1,121211,0.027475402201555
316,317,519.2000000000021,0.6363057324840764,0.0007102971680378,0,56592,0.0151631983840241
975,976,1422.2999999999909,0.7025316455696202,0.0007107302473248,2,109247,0.0337260303339245
341,342,1481.5999999999904,0.6961672473867596,0.0007107726050324,0,102731,0.0361803073581438
465,466,1256.2999999999909,0.6903939184519696,0.0007122971546747,2,111186,0.0342700377931176
884,885,478.4000000000024,0.644932214331827,0.0007136446309497,0,70659,0.0160951008136428
636,637,1444.1999999999907,0.7551020408163265,0.0007149172061501,0,160314,0.030284212071915
351,352,1225.2999999999947,0.7427509293680298,0.0007161639519963,0,149045,0.0239847650124723
623,624,1210.7999999999945,0.7394522575869726,0.0007183663878896,1,144646,0.0242351550626728
781,782,1618.2999999999884,0.7702390131071704,0.0007185762946568,2,166814,0.0296668761311977
755,756,921.599999999998,0.6620278330019881,0.0007192487718223,0,84063,0.0238089984786796
703,704,1599.9999999999875,0.7556732223903178,0.0007195883427868,0,162931,0.0318486165880205
622,623,1025.3999999999955,0.6731805929919138,0.0007210224403937,1,94298,0.0267173991364738
505,506,1394.099999999989,0.7477544910179641,0.0007212846639725,0,150352,0.0242433748572083
177,178,1691.0999999999883,0.7324046920821115,0.0007216866272844,0,130908,0.0342575418435991
335,336,1055.899999999996,0.6673346693386774,0.0007219012925209,1,81447,0.0280111113839252
11,12,1049.9999999999948,0.708008504606662,0.0007233981980928,0,117863,0.0220205155073312
820,821,1322.2999999999918,0.68707015130674,0.00072593296371,2,98426,0.035507736275398
831,832,1448.4999999999898,0.753393665158371,0.0007271627604975,0,151345,0.0253401248019197
400,401,1505.399999999988,0.7661042944785276,0.0007273265623215,2,156692,0.0282643498234154
454,455,1207.1999999999932,0.7015449438202247,0.0007285740824821,1,107395,0.026637538298384
936,937,1637.1999999999864,0.7934868943606036,0.0007288339420197,0,180163,0.0285230591266393
185,186,1816.1999999999869,0.8168438266557645,0.0007295501877645,0,203913,0.0295183533121638
799,800,720.2000000000004,0.7151037938439513,0.0007307960314012,0,122920,0.0165398171752552
675,676,1425.7999999999895,0.7361827560795873,0.0007322830216639,0,146039,0.0317306783501389
396,397,980.8999999999968,0.7000700770847933,0.0007337376058694,0,106588,0.0216127288367674
739,740,1478.499999999991,0.728134110787172,0.0007339406268434,0,131640,0.0320574341304101
232,233,1496.199999999989,0.7551020408163265,0.0007342542851276,1,146851,0.0267280554861947
326,327,1028.699999999997,0.6682274247491639,0.0007350484120387,1,80063,0.0266019145163891
977,978,1025.0999999999965,0.6823770491803278,0.0007367568121581,1,95011,0.0258496498368747
656,657,820.999999999998,0.7000700770847933,0.000737011532395,0,116632,0.019744266411177
692,693,1523.3999999999874,0.7732198142414861,0.0007377104315304,0,173255,0.0294058455798769
427,428,897.5999999999966,0.6786684782608695,0.0007378481182281,0,90285,0.0216176173115672
839,840,1242.999999999991,0.728134110787172,0.0007387750101262,1,129621,0.0253503323730624
479,480,867.0999999999964,0.6602775941837409,0.0007388378833492,0,80089,0.0232589269180716
775,776,1108.9999999999952,0.7324046920821115,0.0007393558316482,0,139739,0.0222492588772273
188,189,1713.1999999999898,0.7631779984721161,0.0007413960779057,0,155606,0.0306923367244615
558,559,1040.9999999999975,0.7239130434782609,0.0007414963984698,0,131669,0.0213185357582678
613,614,1810.7999999999845,0.7934868943606036,0.000742441008438,2,177926,0.0305507492602967
243,244,663.5,0.6894409937888198,0.0007425217327228,0,102863,0.0156366810755792
43,44,1039.2999999999952,0.7249637155297532,0.0007434459593882,0,135381,0.0214838264037803
941,942,1683.0999999999844,0.7768273716951789,0.0007434800519729,2,174221,0.0298835466589642
493,494,1430.999999999991,0.6903939184519696,0.0007435128434697,0,105300,0.0370048698885334
247,248,1580.89999999999,0.7720247295208655,0.0007446544771281,0,175287,0.030324015216247
254,255,1946.3999999999849,0.829045643153527,0.0007459311571423,2,205693,0.0290543035556293
49,50,1595.899999999988,0.7286652078774617,0.0007470045864226,2,131155,0.0324709754685424
433,434,1487.8999999999885,0.7361827560795873,0.0007470469228988,0,142266,0.0319240476041615
96,97,1491.4999999999902,0.7579666160849773,0.0007491417366332,0,154421,0.029516067827468
174,175,970.3999999999968,0.6546526867627785,0.0007494481397118,1,71923,0.0278229844114297
30,31,1614.0999999999872,0.8195242001640689,0.0007496172173192,2,201307,0.0267624047460674
395,396,1012.0999999999976,0.7161290322580646,0.0007514803763676,0,128071,0.0217246186967459
272,273,1039.799999999996,0.721820809248555,0.0007537291245504,0,132586,0.021421723461304
14,15,1558.0999999999915,0.7070063694267515,0.0007544106622662,2,114674,0.0350753323873622
701,702,1197.399999999994,0.6777476255088195,0.0007545088931846,1,90181,0.0277806300734083
791,792,957.7999999999968,0.6795918367346939,0.0007548640147747,0,91950,0.0229536998612347
106,107,954.2999999999968,0.721820809248555,0.0007550921873191,0,129910,0.0205099661585647
65,66,1069.899999999995,0.7095170454545454,0.0007562620923015,1,118271,0.0239590391134478
393,394,1405.6999999999928,0.6889655172413793,0.0007566118397456,2,98292,0.0352720701040075
843,844,1065.0999999999951,0.7035211267605633,0.0007566281173528,1,116935,0.0251151571330647
796,797,882.6999999999975,0.7410979228486647,0.0007593367077295,0,151445,0.0195589748018523
542,543,1756.799999999988,0.8017656500802568,0.00076151028354,1,191347,0.0267604256173493
960,961,1325.3999999999933,0.8181818181818182,0.0007617609891796,1,204561,0.0221944924218328
446,447,1305.39999999999,0.7055084745762712,0.0007631502516362,0,121461,0.0334958941605179
639,640,1639.6999999999882,0.7596958174904943,0.0007631926601351,0,161774,0.0309665343498308
872,873,1389.899999999992,0.7035211267605633,0.000767355620079,2,113462,0.0334444115895484
38,39,1385.5999999999915,0.7202595529920692,0.0007674327878379,2,123111,0.0311361083616025
456,457,1171.999999999993,0.7270742358078602,0.0007681736922666,1,126873,0.0237425381617452
836,837,1061.1999999999948,0.6837782340862423,0.0007682549056933,1,95488,0.0259979384299883
142,143,838.3999999999985,0.7015449438202247,0.0007689415102006,0,120889,0.0202595731072147
849,850,1013.1999999999956,0.6814461118690314,0.0007697387682229,0,105399,0.0247180483526165
223,224,937.1999999999972,0.6598414795244386,0.0007703414783665,0,79772,0.0231302426528628
90,91,1408.0999999999906,0.7270742358078602,0.0007709618318519,2,127818,0.0311953392966421
61,62,1615.1999999999873,0.7421991084695394,0.0007709855804369,0,140675,0.0323350500981154
803,804,1537.4999999999868,0.7972865123703112,0.0007714082408325,1,186948,0.0252906800730048
412,413,1137.099999999995,0.7696456086286595,0.0007729312507041,0,171114,0.0213772994234383
191,192,1008.999999999996,0.6899171270718232,0.0007733856478641,1,104404,0.0246587597615398
918,919,1458.0999999999897,0.7798594847775175,0.0007734551986744,0,181021,0.0284339630847552
110,111,1200.0999999999945,0.7884767166535123,0.0007739282823676,0,187484,0.0210013678680599
288,289,1748.199999999988,0.8311148086522463,0.0007739992529377,0,214161,0.02800594990508
116,117,1561.3999999999892,0.7223427331887202,0.0007743468167093,2,125219,0.0329277376102459
344,345,1107.8999999999949,0.764345830145371,0.0007753885234542,0,167646,0.0210888248107616
710,711,889.899999999998,0.7110320284697509,0.0007761535148613,0,127745,0.0208898726346779
720,721,1631.2999999999886,0.753393665158371,0.0007763287522497,2,149721,0.0303924144156114
593,594,1176.4999999999927,0.7708333333333334,0.0007785923013635,0,170557,0.0218356642330069
787,788,1367.4999999999918,0.6961672473867596,0.0007801318477866,2,106990,0.0342244367834531
48,49,1097.8999999999949,0.7438570364854803,0.0007806504464682,0,151482,0.0217443887603917
156,157,1114.3999999999935,0.7055084745762712,0.0007816374319816,1,109403,0.0245655653700729
264,265,974.7999999999962,0.7207792207792207,0.0007827508380674,0,133356,0.0209786844295633
797,798,1345.2999999999918,0.7105263157894737,0.000783125111908,0,120837,0.0328858804254524
582,583,1179.6999999999955,0.7562452687358062,0.0007847710856214,1,158904,0.0229672073217621
875,876,912.4999999999968,0.6403846153846153,0.0007853943133197,0,65063,0.0246284373782799
390,391,1469.399999999988,0.7756211180124224,0.0007854499205783,0,172487,0.028496045540545
868,869,1063.5999999999954,0.7511278195488722,0.0007865929180028,0,156042,0.0206279416221534
590,591,1533.9999999999914,0.7050105857445307,0.0007867880105733,2,113076,0.0349781653468151
136,137,1036.7999999999952,0.7239130434782609,0.00078769083616,0,133674,0.0219678258069703
528,529,1239.1999999999916,0.7960159362549801,0.0007880589242487,1,184599,0.021658730677946
95,96,1524.9999999999882,0.7878548895899053,0.0007880742993337,0,185673,0.0283576887615676
104,105,1072.8999999999962,0.7040169133192389,0.000788655692154,0,104995,0.0211751912715314
210,211,1023.999999999995,0.6961672473867596,0.0007896342670719,1,109162,0.0241547898588042
22,23,537.5000000000015,0.6722745625841184,0.000791664964664,0,88658,0.0161694845731003
158,159,1221.4999999999916,0.7297297297297297,0.0007922476349949,0,138287,0.0237040098747893
205,206,1294.3999999999926,0.7223427331887202,0.0007924482738152,2,131693,0.0299817649473494
802,803,977.099999999996,0.721820809248555,0.000793564008239,0,128895,0.0204363266568201
972,973,1587.599999999989,0.7823022709475332,0.000793747786026,2,173240,0.0282367212973118
861,862,1330.299999999991,0.8228995057660626,0.0007938678086081,1,204338,0.0218986317714838
760,761,1402.2999999999934,0.7000700770847933,0.0007970492048253,2,107278,0.0339473292329744
511,512,1268.699999999992,0.7661042944785276,0.0007978399730073,1,162576,0.0229166475098011
175,176,1524.0999999999888,0.7505634861006761,0.0008000988251866,2,152780,0.0299806424908219
47,48,1688.7999999999856,0.8545765611633875,0.0008011172501204,2,227239,0.0257095652120737
51,52,1450.6999999999882,0.7750193948797518,0.0008013434637557,0,175459,0.0283427517354054
907,908,1024.8999999999978,0.7780373831775701,0.0008045831072767,0,177731,0.0195837290161511
767,768,1122.499999999994,0.7573919636087946,0.0008061521650827,0,163600,0.0216803180511591
790,791,1059.8999999999944,0.6918282548476454,0.0008062097011934,1,98375,0.0250060660208516
716,717,1054.5999999999965,0.7545317220543807,0.0008072861958825,0,161007,0.0210613064299284
8,9,1430.7999999999918,0.7260174418604651,0.0008073250110465,2,123986,0.0311076094731138
783,784,1531.3999999999864,0.7702390131071704,0.0008083595970692,2,169697,0.0286640194477366
171,172,1136.5999999999945,0.7334801762114538,0.0008088069425622,1,132005,0.0236171567282641
881,882,1415.8999999999896,0.7350993377483444,0.0008104382745082,0,134995,0.0303068035274257
602,603,972.3999999999965,0.7678708685626441,0.0008133969990986,0,172354,0.0197290247515427
348,349,1050.2999999999947,0.7471952131637996,0.0008138710168234,0,150962,0.0206850251619335
211,212,1501.4999999999886,0.7792511700468019,0.0008155676060629,0,175666,0.028540215014566
734,735,1613.9999999999895,0.7966507177033493,0.0008223689826631,2,188819,0.027617153504917
510,511,1325.799999999991,0.7878548895899053,0.0008242358063773,1,181055,0.0231495200470499
366,367,1408.1999999999937,0.8181818181818182,0.0008253311310588,1,204083,0.0227769053327776
478,479,1690.1999999999855,0.8256198347107438,0.0008260721409364,2,203414,0.0270791041854226
731,732,939.7999999999972,0.7202595529920692,0.0008265209286656,0,127368,0.0205353411349213
745,746,1022.799999999996,0.7060070671378091,0.0008268195250095,0,122419,0.0223190879125847
942,943,1598.7999999999884,0.7780373831775701,0.0008298249257306,0,176735,0.0295597545422229
81,82,799.499999999997,0.7291970802919708,0.00083142918187,0,141271,0.0181897265351539
107,108,1047.7999999999947,0.6833105335157319,0.0008314823568614,0,99286,0.0243411520838872
397,398,1206.699999999992,0.7992,0.0008344708070825,1,189452,0.0212653063471689
458,459,1515.6999999999905,0.7361827560795873,0.0008345541239198,2,133835,0.0312111015532357
651,652,1099.0999999999965,0.7909738717339667,0.0008348464269546,0,181476,0.0199733249036532
740,741,1428.9999999999895,0.7356406480117821,0.0008355133339336,2,132576,0.0301247552260388
187,188,1182.0999999999938,0.7176724137931034,0.0008367666015443,1,117174,0.0242703023734799
683,684,864.199999999999,0.6851851851851852,0.0008382826688042,0,96623,0.020115525232558
138,139,758.6999999999998,0.7276037873270211,0.0008397351781854,0,131938,0.0163265738686195
94,95,1569.299999999988,0.723388848660391,0.000839829043572,2,125707,0.0328854981256177
201,202,1104.9999999999968,0.781078967943706,0.0008434217071313,0,178498,0.0205589906338864
932,933,1434.2999999999895,0.7608530083777608,0.0008443899484478,0,165362,0.0293375059044048
658,659,1256.7999999999909,0.7270742358078602,0.0008451534629397,1,132639,0.0248581478609119
281,282,1572.899999999988,0.8095623987034035,0.0008457211568514,2,195816,0.0268747017450568
485,486,590.9000000000021,0.7356406480117821,0.0008461961058199,0,146654,0.0153056946227601
798,799,874.5999999999991,0.7085106382978723,0.0008464826961356,0,115749,0.0192335004991023
562,563,1090.3999999999944,0.7539622641509434,0.0008469155334345,0,162560,0.0217118707617382
880,881,1169.4999999999934,0.78046875,0.0008482993885545,0,181831,0.0208072609971239
131,132,1989.899999999986,0.8155102040816327,0.0008509507190438,0,200158,0.0306068731353613
196,197,1242.2999999999925,0.6668891855807744,0.0008529387255611,0,82990,0.0379955492317206
214,215,917.4999999999976,0.6611515552614163,0.0008529453378083,0,88879,0.0226542021000253
293,294,1189.399999999994,0.7181883537023724,0.0008540828911515,1,119470,0.0248541377064893
280,281,1277.499999999992,0.7145922746781116,0.0008541076877265,1,117400,0.0268412758740803
310,311,916.4999999999974,0.7488755622188905,0.0008545820244004,0,158253,0.0196736920513397
600,601,844.4999999999981,0.6880165289256198,0.0008548629835727,0,97451,0.0194088785982599
815,816,929.3999999999968,0.7449664429530202,0.0008548745621967,0,150756,0.0192375261415087
165,166,1623.399999999987,0.7816901408450704,0.0008564579249266,2,174489,0.0283494223027087
662,663,1170.7999999999945,0.7161290322580646,0.0008574954825306,1,117888,0.024301514676036
712,713,1096.199999999997,0.7649310872894334,0.0008575445586717,0,166856,0.0211624766908758
729,730,1443.6999999999907,0.7829153605015674,0.0008576254863348,2,175139,0.0266747459038822
231,232,1543.7999999999904,0.7573919636087946,0.0008584640650889,2,150378,0.0295256232415218
988,989,1621.299999999987,0.7756211180124224,0.0008590153770088,2,164053,0.0287492173366079
41,42,915.899999999996,0.6668891855807744,0.0008600116980754,0,79529,0.0219609393878503
915,916,1103.7999999999938,0.6927877947295423,0.0008605006813805,1,103935,0.0253409866356904
515,516,1543.9999999999882,0.7829153605015674,0.0008616712324002,2,178143,0.0282364027113492
569,570,1464.599999999989,0.7928571428571428,0.0008637160721772,2,179303,0.026253394413074
484,485,971.1999999999966,0.6986013986013986,0.000864148894039,0,106178,0.0212641447592855
261,262,1041.9999999999943,0.7297297297297297,0.0008648901044317,0,138950,0.0210283749046055
141,142,1498.1999999999896,0.7714285714285715,0.0008654532772939,2,158814,0.0277484490008016
687,688,967.6999999999956,0.6913494809688582,0.0008655808586376,0,102865,0.0218747498246015
363,364,996.4999999999958,0.7556732223903178,0.0008695996117621,0,162682,0.0199038804259365
966,967,1081.099999999994,0.6884906960716747,0.0008709542544945,1,98617,0.0253439947017143
535,536,1653.199999999987,0.7545317220543807,0.0008719165993803,0,153226,0.0323367928930087
325,326,1466.6999999999896,0.7460791635548917,0.000875819104581,0,143556,0.0297553398056968
140,141,1449.1999999999884,0.7477544910179641,0.0008767367434083,2,143601,0.0291023935904349
937,938,967.0999999999988,0.7095170454545454,0.0008770910916194,0,118702,0.0208176179491301
84,85,1571.3999999999892,0.7738187451587917,0.0008794813174559,2,163877,0.0283096450007198
194,195,1274.59999999999,0.738905325443787,0.0008807716175741,0,144892,0.0237521403883953
486,487,1482.299999999989,0.7928571428571428,0.0008824139719802,0,188160,0.0275356161433982
706,707,985.3999999999966,0.6611515552614163,0.0008825034368281,0,77379,0.0238243062457035
372,373,1552.0999999999872,0.7455223880597015,0.000882706559118,0,146471,0.0307260841620053
800,801,603.6000000000013,0.6651131824234354,0.0008835754609273,0,83988,0.0164430731438182
352,353,1143.699999999992,0.74,0.0008843254857909,0,148632,0.0226403303534615
921,922,994.6999999999956,0.6842465753424658,0.0008850049864912,0,93451,0.0220560417941515
689,690,876.1999999999981,0.6809815950920245,0.000886134203127,0,96904,0.0216587540461434
345,346,907.499999999997,0.69375,0.0008867952003671,0,103168,0.0202525836488691
111,112,1260.7999999999936,0.7897233201581028,0.0008880942924747,1,182070,0.0220673772818235
645,646,983.499999999995,0.7105263157894737,0.0008882034773417,0,122356,0.0204633405808339
864,865,1195.8999999999933,0.7350993377483444,0.0008895315944249,1,133314,0.0231766156952161
35,36,1096.4999999999914,0.7181883537023724,0.0008897147773337,1,127438,0.023134970062418
162,163,1621.799999999987,0.829045643153527,0.0008953167980087,2,208526,0.0262265748466161
481,482,1465.5999999999883,0.7884767166535123,0.0008974921310044,0,186265,0.0275096369458375
285,286,1031.6999999999962,0.7334801762114538,0.0008975832219046,0,139894,0.0208482864097405
589,590,1229.9999999999948,0.797923322683706,0.0008980048826878,0,185246,0.0199328430020074
255,256,1158.2999999999945,0.7345588235294118,0.0008986430164034,1,134219,0.0231777205153622
233,234,1613.4999999999882,0.764345830145371,0.0009010590619171,2,152924,0.0297674331264066
300,301,1657.2999999999874,0.7608530083777608,0.0009013816414514,0,153158,0.0303031235872686
89,90,1485.6999999999894,0.777431906614786,0.0009032719521272,2,171297,0.0274454280786039
24,25,1640.1999999999873,0.7192224622030238,0.0009039501011761,0,121737,0.034711782870122
766,767,1222.099999999992,0.7156160458452722,0.0009051575240776,0,120367,0.0240822176136251
911,912,1261.0999999999906,0.7297297297297297,0.0009056016358153,0,134304,0.0245208850133243
361,362,1404.3999999999917,0.7466367713004485,0.0009058031600033,2,143968,0.0289753992888832
778,779,1733.2999999999877,0.785377358490566,0.0009063518811239,0,176095,0.0296801066054669
563,564,1354.8999999999908,0.7085106382978723,0.0009066869079081,2,114339,0.0317041581322455
416,417,1164.899999999995,0.8024096385542169,0.0009074901150611,0,194242,0.0202370375241685
539,540,1504.799999999989,0.7115384615384616,0.0009075624379773,0,114006,0.0337391017073338
705,706,928.499999999998,0.7030260380014075,0.0009085560274637,0,113575,0.0209037073166356
371,372,1055.399999999995,0.7438570364854803,0.0009089098228407,0,146566,0.0204921820203683
920,921,956.0999999999976,0.7361827560795873,0.0009091899372437,0,149037,0.0199057801693504
925,926,1189.299999999994,0.7438570364854803,0.000909840662358,0,145069,0.02264771352001
963,964,1174.6999999999914,0.7340191036002939,0.0009109627827421,1,142980,0.0239864078566981
455,456,1391.39999999999,0.7410979228486647,0.0009111465527065,0,142239,0.0297065643772572
375,376,1523.2999999999868,0.7334801762114538,0.0009112727556642,0,140183,0.0324311025287403
417,418,1074.699999999996,0.7829153605015674,0.000912571063045,0,176175,0.0193149407330405
88,89,1081.999999999995,0.7416481069042317,0.0009137141488077,0,146651,0.020596128154263
714,715,574.5000000000024,0.6763710223425863,0.0009142800512422,0,93407,0.0153203471258902
628,629,1481.1999999999884,0.7270742358078602,0.0009143848061018,0,125067,0.031576857397547
904,905,994.699999999996,0.6786684782608695,0.0009166864633445,1,87926,0.0248539138595846
313,314,984.899999999998,0.7444113263785395,0.0009170359128513,0,147318,0.0197318203982685
554,555,987.3999999999966,0.7228654124457308,0.0009178766896498,0,133573,0.0212448921173287
287,288,644.5000000000015,0.7212996389891697,0.0009191642822191,0,134774,0.015951611171691
785,786,1108.699999999993,0.7010526315789474,0.0009194625885605,1,106392,0.0243037791256508
52,53,1104.699999999994,0.7750193948797518,0.0009200610879861,0,172963,0.0204427029498621
388,389,1383.3999999999908,0.8168438266557645,0.0009223211013304,1,200748,0.0221092649346847
207,208,1455.7999999999893,0.7732198142414861,0.0009245978371223,0,174003,0.0284055096246421
428,429,1113.6999999999948,0.7947494033412887,0.0009249057403685,0,184290,0.019533294812225
385,386,869.2999999999976,0.7350993377483444,0.0009255556232135,0,147567,0.0191764009849457
523,524,1116.699999999994,0.738905325443787,0.0009261937390025,0,134051,0.0206823305351908
597,598,1824.3999999999849,0.8256198347107438,0.0009268912926187,2,205035,0.028409945293856
453,454,1419.3999999999885,0.7672811059907834,0.0009269201871823,0,166102,0.0280476547315118
553,554,890.4999999999976,0.7176724137931034,0.0009309198772999,0,132855,0.0200003844214668
679,680,679.0999999999996,0.69375,0.0009317882868474,0,104373,0.0165892782496588
842,843,1221.9999999999918,0.7941176470588235,0.0009321915316986,0,180909,0.0200981367522862
564,565,1102.199999999994,0.7637614678899083,0.0009330830763621,0,167693,0.0207455058151606
934,935,1626.4999999999895,0.8208709942481512,0.0009335952974492,0,205369,0.0273332202374853
841,842,1130.2999999999936,0.7010526315789474,0.0009343594795616,1,110622,0.0253595918201625
192,193,1226.2999999999922,0.7329420396184886,0.0009345254194393,1,129832,0.0239542892485416
867,868,900.3999999999974,0.7040169133192389,0.0009345603934958,0,113893,0.0202204571197352
750,751,608.5000000000022,0.7738187451587917,0.0009348680507826,0,175051,0.0155416072532876
16,17,1019.0999999999956,0.718705035971223,0.000936888455009,0,129028,0.021243055090897
472,473,1273.59999999999,0.6961672473867596,0.000938310289055,0,115512,0.0340314503711241
888,889,1434.999999999991,0.781078967943706,0.0009387015273767,2,171975,0.0268092821388977
684,685,1335.6999999999905,0.709013484740951,0.0009406763140193,0,122978,0.0330078856266266
282,283,1219.7999999999947,0.7903481012658228,0.0009407910257213,1,182757,0.0216215251201036
837,838,1229.499999999992,0.7318681318681318,0.0009422783653161,1,129651,0.0239907723743725
840,841,1508.4999999999895,0.8075990299110751,0.0009424876393837,2,194321,0.0261738267641321
981,982,987.0999999999968,0.7433035714285714,0.0009434629289211,0,148040,0.0196329170725748
700,701,1427.7999999999895,0.7573919636087946,0.0009436570052138,0,152295,0.0285179547096936
193,194,637.6000000000007,0.797923322683706,0.00094460268412,0,190661,0.0152858934764724
537,538,424.0000000000022,0.6267252195734002,0.000945324022111,0,58686,0.0146561155279904
497,498,1107.9999999999943,0.8089068825910931,0.0009459812018767,0,198918,0.0195286847436419
249,250,1443.5999999999894,0.7816901408450704,0.0009460168330357,1,171568,0.0241603871637566
816,817,1792.3999999999835,0.8366834170854272,0.0009484234227347,0,217766,0.0281857256450418
531,532,1511.4999999999884,0.7637614678899083,0.000949040749884,2,161506,0.0284996719630975
72,73,1422.1999999999907,0.728134110787172,0.0009497050984568,0,127089,0.0305680204134281
182,183,752.6999999999986,0.7181883537023724,0.000949833259092,0,125943,0.0167696523762942
540,541,1683.1999999999869,0.7960159362549801,0.0009552958896611,0,189870,0.0290872359487126
340,341,980.199999999997,0.7045133991537377,0.0009561484766651,0,112207,0.0201839390819692
314,315,1091.6999999999946,0.7696456086286595,0.0009579702178248,0,171837,0.0202783241065685
432,433,1053.7999999999952,0.7372693726937269,0.0009582562862544,0,141424,0.0207591331736101
529,530,984.3999999999962,0.7050105857445307,0.0009596025396783,0,105984,0.0200003592260987
828,829,1527.3999999999858,0.7934868943606036,0.0009596813325608,2,182090,0.026847009454748
588,589,1616.6999999999873,0.7792511700468019,0.0009609232502212,2,170110,0.0285380861341955
673,674,1402.5999999999904,0.799839871897518,0.0009612242486544,1,187387,0.022876772158765
473,474,1095.1999999999946,0.7313323572474377,0.0009634894328081,0,138604,0.0218792024134657
879,880,1387.79999999999,0.7449664429530202,0.0009637375002365,2,149689,0.0290680305611124
426,427,1074.4999999999957,0.6908713692946058,0.0009648456708059,0,100278,0.0226475617308704
381,382,1077.6999999999953,0.764345830145371,0.0009701832778141,0,166946,0.0204504599023788
167,168,974.8999999999968,0.75,0.0009712557850354,0,157787,0.0199420836701578
5,6,1144.3999999999917,0.7156160458452722,0.0009714782482122,0,119007,0.0223215254717201
274,275,1368.1999999999894,0.7115384615384616,0.0009720401488644,0,122428,0.0324534694776676
506,507,1542.199999999988,0.7410979228486647,0.0009753969481912,2,138862,0.0302953546172485
299,300,948.1999999999948,0.6913494809688582,0.0009773337341807,0,106623,0.0209200064249672
364,365,1518.199999999989,0.7878548895899053,0.0009782535507112,2,173657,0.0266447964558933
483,484,1026.299999999995,0.6754563894523327,0.0009791817470241,1,87840,0.0262623834003396
859,860,1005.9999999999974,0.78046875,0.0009792840699379,0,176613,0.0185437140542101
860,861,1198.4999999999936,0.7545317220543807,0.0009801826131831,1,150094,0.0226345872688985
956,957,801.1999999999991,0.797923322683706,0.0009807727572144,0,191997,0.0164509249845222
719,720,1634.9999999999864,0.8188524590163935,0.000981734242972,2,198199,0.0264069541668536
696,697,1612.1999999999864,0.8056451612903226,0.0009846051281895,0,194269,0.0277341055364784
713,714,1400.0999999999894,0.7394522575869726,0.0009879971278468,0,136725,0.02940229125888
93,94,1102.3999999999924,0.7060070671378091,0.0009885548958338,1,111470,0.0245651691614344
926,927,974.1999999999948,0.6932685634975712,0.0009902400411809,0,104978,0.0223014664889456
203,204,1056.3999999999958,0.7573919636087946,0.0009923606454004,0,161806,0.0206454968872501
263,264,1028.699999999997,0.7702390131071704,0.0009935918208004,0,171569,0.0191991578976603
931,932,1073.099999999995,0.7318681318681318,0.0009960530491515,0,138783,0.0214160216200513
64,65,1174.09999999999,0.7244379985496737,0.0009969254026038,0,131105,0.0227658679274332
450,451,799.4999999999987,0.675,0.0010056494673322,0,98835,0.0205164651751129
87,88,1590.3999999999876,0.7522590361445783,0.0010104821137515,2,148045,0.0297686929530419
885,886,1223.399999999994,0.7666922486569455,0.0010108754875389,0,168175,0.0217723108974149
45,46,1011.7999999999954,0.7125534950071327,0.0010119645065108,0,118165,0.0213455485557529
113,114,1039.3999999999962,0.7494373593398349,0.0010134228377805,0,149763,0.0192101507181468
863,864,1142.899999999993,0.7410979228486647,0.0010162029152534,1,142216,0.0226102955788836
906,907,781.3999999999975,0.6695710455764075,0.0010167778464613,0,85170,0.0197965482498181
365,366,864.9999999999976,0.697138869504536,0.0010181969627494,0,108172,0.0196305369323435
559,560,1049.4999999999957,0.7000700770847933,0.0010203401190428,0,102791,0.0210392300050497
464,465,933.0999999999964,0.7416481069042317,0.0010217005449358,0,151542,0.0195784481956481
527,528,1117.799999999993,0.7947494033412887,0.0010230685532578,0,187743,0.0197365195232523
621,622,1056.1999999999953,0.709013484740951,0.0010240607897838,0,114931,0.0213316055466938
695,696,1330.1999999999896,0.738359201773836,0.0010277374093835,1,134471,0.0240866617433957
711,712,1322.499999999989,0.7207792207792207,0.0010306752594074,0,132592,0.0309327689672498
401,402,637.8,0.640795381654907,0.0010307648868712,0,58642,0.016451198350728
945,946,1449.8999999999864,0.7361827560795873,0.0010312010835865,1,136946,0.0273242836760997
436,437,1471.7999999999868,0.7762237762237763,0.0010360429313757,2,167814,0.0272029887897417
208,209,1070.6999999999944,0.697138869504536,0.00103636578832,1,102361,0.0242861945958028
301,302,1073.7999999999956,0.7816901408450704,0.0010365190233059,0,181331,0.0196833769196443
180,181,1015.1999999999956,0.6691225720026792,0.001037922627895,1,81572,0.0261905574696916
929,930,532.4000000000021,0.6602775941837409,0.0010381305856348,0,75504,0.0146378135554878
896,897,1471.5999999999883,0.7708333333333334,0.0010426931648365,2,161412,0.0277432133971431
457,458,561.3000000000022,0.6709200805910007,0.001042874429627,0,86862,0.0159592372215738
76,77,1642.8999999999855,0.7847604084838963,0.0010447886294414,0,178242,0.0292493878354926
738,739,1045.5999999999958,0.7455223880597015,0.0010497481704933,0,155834,0.0209071754385915
9,10,1717.499999999986,0.7649310872894334,0.001052759752705,0,156665,0.0307299494131519
793,794,1527.9999999999875,0.8056451612903226,0.0010551472130669,2,190223,0.0261271075305626
772,773,995.1999999999964,0.7260174418604651,0.0010552394381397,0,122870,0.0192837596345067
533,534,1643.1999999999848,0.8017656500802568,0.0010566754832266,0,188922,0.0282490367322223
271,272,876.899999999998,0.7596958174904943,0.0010571471790721,0,162651,0.0179072781872357
408,409,1166.6999999999923,0.7684615384615384,0.0010582884539914,1,158122,0.0209317955725425
245,246,1035.199999999996,0.7916006339144216,0.0010628041048217,0,184809,0.0185642345153377
443,444,798.4999999999962,0.6947148817802503,0.0010644733127928,0,105328,0.0187024650228467
234,235,1234.3999999999917,0.7620137299771167,0.0010660819051129,1,157330,0.0219121383155564
404,405,1121.1999999999969,0.7708333333333334,0.0010661619349714,0,167861,0.0199314786195661
309,310,922.3999999999952,0.7161290322580646,0.0010664889304077,0,117268,0.0189807397261606
974,975,812.4999999999977,0.6880165289256198,0.0010693964451935,0,110040,0.0201595578128301
121,122,1473.199999999989,0.8208709942481512,0.0010742220465302,2,203894,0.0248701511395596
856,857,918.1999999999962,0.68707015130674,0.0010759334674875,0,98692,0.0212059577959464
626,627,1170.0999999999945,0.7708333333333334,0.0010784001758053,1,164969,0.0213945385084909
660,661,1058.1999999999946,0.7579666160849773,0.0010787623352679,0,157851,0.0200481369119873
153,154,1144.599999999993,0.7249637155297532,0.0010788466586484,0,126102,0.0213625390891406
414,415,1298.7999999999902,0.7151037938439513,0.0010794053380659,2,121659,0.0305520826579349
635,636,1136.399999999993,0.7494373593398349,0.0010813023594159,0,157932,0.0217199083186021
18,19,1177.8999999999924,0.7244379985496737,0.0010818290172158,1,123757,0.023531088575122
659,660,1142.9999999999943,0.7960159362549801,0.0010825864962928,0,186859,0.0198379920022667
295,296,1588.999999999986,0.7661042944785276,0.0010902663843823,2,156360,0.0286298389017341
530,531,1577.8999999999855,0.7878548895899053,0.001090968204037,0,183297,0.0284719860183728
69,70,997.3999999999958,0.7427509293680298,0.0010916710926458,0,147051,0.0193897022212098
246,247,1544.5999999999858,0.7872340425531915,0.0010919506156948,0,181338,0.0280793476790312
944,945,1564.0999999999858,0.7878548895899053,0.0010928658086428,2,179872,0.0272118900009108
749,750,1538.4999999999886,0.7947494033412887,0.0010933832108317,2,176934,0.0265448529183578
855,856,1461.9999999999884,0.7505634861006761,0.0010942323686729,0,152328,0.0298030381180181
492,493,1053.1999999999948,0.6837782340862423,0.0010991466609587,1,94740,0.0249779524389084
434,435,1548.0999999999856,0.7941176470588235,0.0011018297652332,2,181223,0.0272359387317663
691,692,998.399999999996,0.8037007240547064,0.0011045872838348,0,197857,0.018462518199321
105,106,1441.4999999999898,0.7356406480117821,0.0011100886294399,2,140118,0.030477882183815
437,438,1642.1999999999864,0.7916006339144216,0.0011113750062296,0,180938,0.0285793635942442
431,432,956.9999999999968,0.7045133991537377,0.0011114687405247,0,118486,0.02060047993091
961,962,1061.099999999994,0.7249637155297532,0.0011251335999895,1,131844,0.0225441476396461
685,686,1558.399999999987,0.7762237762237763,0.00113043579149,2,166866,0.0278627882456174
737,738,1680.3999999999887,0.8161764705882353,0.0011305853208479,0,201348,0.0275177275510345
137,138,642.2000000000004,0.7897233201581028,0.0011325090929433,0,187018,0.0152620092787063
451,452,1447.1999999999912,0.7756211180124224,0.0011342944910675,2,165754,0.0268730257714322
445,446,1545.7999999999845,0.8011226944667201,0.0011355460918536,1,185416,0.0247055905027138
869,870,910.5999999999964,0.7085106382978723,0.0011358914600818,0,113893,0.0192822192800559
504,505,857.899999999997,0.7000700770847933,0.0011386951135867,0,106840,0.0189211625125459
78,79,924.0999999999972,0.7161290322580646,0.0011393337234322,0,128948,0.0196229450618859
874,875,1396.1999999999905,0.7161290322580646,0.001142294105849,2,120610,0.0314838173531304
546,547,1493.599999999986,0.8155102040816327,0.0011424793756187,2,194586,0.0250048761030058
973,974,807.5999999999977,0.6791298436437797,0.0011425118531534,0,100113,0.0205305357613426
360,361,1566.7999999999863,0.7666922486569455,0.0011458916956539,0,156920,0.0287238687687112
253,254,1408.499999999986,0.7684615384615384,0.0011471813065618,2,162314,0.0270319311422572
68,69,1132.1999999999937,0.7762237762237763,0.0011480772764766,1,163575,0.0203870380641236
898,899,839.6999999999978,0.7065063649222065,0.0011482180899504,0,118590,0.019165044422991
501,502,1073.1999999999955,0.7286652078774617,0.0011508042968197,0,138525,0.0200381900092944
965,966,596.9000000000019,0.7522590361445783,0.0011513151093773,0,157039,0.015109752104869
444,445,1015.7999999999972,0.7732198142414861,0.0011529431624053,0,171959,0.0187339557739532
277,278,1640.599999999986,0.7516930022573364,0.0011581716335029,0,148478,0.0310057663923252
949,950,1007.7999999999956,0.723388848660391,0.0011657483753867,0,128275,0.0207967403276463
423,424,1181.8999999999917,0.7488755622188905,0.0011659603801096,1,143885,0.0219648520500032
649,650,1172.899999999993,0.833889816360601,0.001169983779958,0,216423,0.0190631192469842
500,501,969.7999999999962,0.7394522575869726,0.0011741999475146,0,137985,0.0186706670506219
221,222,1159.199999999992,0.7738187451587917,0.0011768216931278,1,169191,0.0212076713212483
547,548,1433.5999999999876,0.7750193948797518,0.0011774461747651,2,166931,0.0270631079228669
441,442,1127.599999999993,0.7661042944785276,0.0011792987153129,0,162564,0.0204054748825319
212,213,955.199999999996,0.7631779984721161,0.0011796109183841,0,165443,0.0188008380152913
75,76,880.2999999999962,0.6927877947295423,0.0011823638656319,0,97465,0.018877629281825
715,716,659.8000000000002,0.7780373831775701,0.0011834960152877,0,176846,0.0150247388780322
312,313,1500.599999999988,0.7367256637168141,0.0011871285063781,2,135700,0.0303692833164895
948,949,1332.7999999999909,0.8840707964601769,0.0011900033238344,0,246342,0.0191356378410212
850,851,1062.1999999999937,0.7197406340057637,0.0011941174065819,0,130109,0.0201293893959131
369,370,978.999999999996,0.6976256983240223,0.0011948533327645,0,106789,0.0208244504029931
768,769,1096.1999999999955,0.7928571428571428,0.0012006407268991,0,183662,0.0193625602261244
496,497,581.8000000000011,0.797923322683706,0.0012025732057916,0,194540,0.0146945116884233
641,642,1154.5999999999935,0.7120456165359943,0.0012044920037609,1,116629,0.0241372241283832
952,953,1002.8999999999976,0.7829153605015674,0.0012079119004957,0,178997,0.0182827788938839
916,917,984.2999999999964,0.7433035714285714,0.0012116447127664,0,142030,0.0185434205524799
46,47,1601.099999999984,0.7878548895899053,0.0012124082486763,2,177675,0.0274481247928073
993,994,1047.4999999999943,0.7378138847858198,0.0012143560333836,0,138926,0.0201949023130613
85,86,1213.7999999999915,0.7780373831775701,0.0012191067557671,1,171205,0.0212946551172288
652,653,1232.0999999999915,0.7528259231348907,0.0012203849939971,1,151100,0.0232641311565503
704,705,1152.9999999999932,0.7254901960784313,0.0012215431405924,1,124252,0.0230732945204959
384,385,1556.099999999988,0.7551020408163265,0.0012217274488195,0,155126,0.0292398461341359
646,647,978.899999999996,0.7260174418604651,0.0012224023062265,0,126014,0.019530254326233
409,410,1100.399999999995,0.808252427184466,0.0012269803444977,0,192691,0.0185580945548501
858,859,897.9999999999955,0.7015449438202247,0.0012281138495519,0,106364,0.0193151865372172
565,566,859.0999999999966,0.7115384615384616,0.0012284644383121,0,124842,0.0190428873905797
847,848,536.9000000000027,0.6908713692946058,0.001229046227763,0,103868,0.0147135647350993
151,152,597.1000000000016,0.6861263736263736,0.0012321284860202,0,96823,0.0142919870251332
939,940,1278.8999999999887,0.7207792207792207,0.001232482579902,0,132590,0.0304938171233048
379,380,1082.0999999999945,0.7829153605015674,0.0012326573971654,0,182081,0.0192091667324334
928,929,1456.399999999987,0.7786438035853468,0.0012330000515762,2,169126,0.0267675402505814
173,174,1251.3999999999926,0.8011226944667201,0.0012351875509542,1,188108,0.0212397495853829
323,324,1613.2999999999845,0.8283582089552238,0.0012356350153339,2,205188,0.0253041287363449
997,998,645.2,0.7334801762114538,0.0012387581368531,0,139407,0.0151409299990636
666,667,917.099999999996,0.7270742358078602,0.0012389073346228,0,126703,0.0191264938487643
992,993,1072.5999999999951,0.830423940149626,0.00124353501944,0,209478,0.0179096158356379
585,586,471.8000000000032,0.6651131824234354,0.0012538762375648,0,84766,0.0139722771005879
670,671,718.9999999999984,0.6908713692946058,0.0012550582122022,0,108182,0.0180949193704284
962,963,1031.2999999999956,0.8030546623794212,0.0012554761003957,0,189279,0.0183062770646808
989,990,1643.999999999986,0.7750193948797518,0.0012565808771763,2,162328,0.0282042540264891
7,8,960.8999999999952,0.7125534950071327,0.0012592590880366,0,122100,0.0199498057067844
377,378,1632.1999999999846,0.8387909319899244,0.0012626934914402,2,211304,0.0254328118959747
13,14,899.8999999999962,0.7120456165359943,0.0012627488791761,0,125022,0.0192205809092261
938,939,835.2999999999968,0.7166427546628408,0.0012634315430915,0,128524,0.0182621684272606
583,584,1573.5999999999883,0.7872340425531915,0.0012663989643439,0,181323,0.0278448347872154
305,306,1567.4999999999866,0.7890995260663507,0.0012706149595788,0,179509,0.0274455722150619
438,439,1073.799999999995,0.78046875,0.0012726058580311,0,171931,0.0191372107157236
572,573,882.2999999999954,0.6986013986013986,0.0012748314765044,0,105700,0.0186888042407429
625,626,991.3999999999965,0.7649310872894334,0.001279271590939,0,161020,0.0183264530652253
953,954,967.5999999999972,0.781078967943706,0.001280320559498,0,173450,0.0180116930248403
115,116,1051.099999999995,0.7556732223903178,0.0012812622320386,0,159481,0.0191936687738656
307,308,948.5999999999964,0.7105263157894737,0.0012834878490543,0,124298,0.0195628110296947
940,941,533.6000000000024,0.8011226944667201,0.0012859313653913,0,195946,0.0141073371301406
373,374,700.2999999999993,0.6894409937888198,0.001286285442545,0,101968,0.0162679907533239
257,258,665.0000000000011,0.7070063694267515,0.0012873622378459,0,117718,0.0155027018913527
576,577,1156.5999999999926,0.7421991084695394,0.001288125254063,1,139040,0.022025597181628
394,395,920.8999999999965,0.7070063694267515,0.0012905049651456,0,107552,0.0190675344395875
17,18,1000.9999999999952,0.7025316455696202,0.0012937770951081,0,119387,0.0209301475758262
594,595,1542.3999999999864,0.8222222222222222,0.0012971117062969,0,205623,0.0258994148019266
226,227,847.2999999999981,0.8256198347107438,0.0012998157812994,0,206509,0.0157118775212551
398,399,945.3999999999972,0.7792511700468019,0.0013021867976433,0,171894,0.017614449575316
827,828,1533.2999999999884,0.826302729528536,0.0013025236769648,2,206789,0.0247093320945751
357,358,1567.9999999999852,0.8011226944667201,0.0013056978863037,2,184854,0.0264601067718272
647,648,1128.5999999999935,0.7786438035853468,0.0013108853454744,1,171891,0.0207348758093437
994,995,864.4999999999982,0.7105263157894737,0.0013122624133628,0,124089,0.0191256514358798
284,285,1601.499999999985,0.797923322683706,0.0013193631438992,2,182535,0.0266013710183918
353,354,1200.2999999999918,0.7556732223903178,0.0013219970647882,0,141473,0.0207837035152312
678,679,461.3000000000034,0.6664442961974649,0.0013257399959041,0,86481,0.0134669652091048
19,20,1278.1999999999894,0.7488755622188905,0.001329597046019,1,148991,0.0232683808354744
215,216,932.5999999999964,0.7427509293680298,0.0013326894654185,0,142659,0.0183350141121921
655,656,1225.6999999999891,0.7602739726027398,0.0013404130036857,0,159059,0.0217748190600595
730,731,673.7000000000003,0.7223427331887202,0.00134055322459,0,124474,0.0150341565574929
959,960,524.8000000000029,0.6976256983240223,0.001347530932205,0,103594,0.0134733508111368
147,148,1025.6999999999955,0.7655172413793103,0.0013521427441392,0,160575,0.0185699496691868
846,847,890.9999999999965,0.7166427546628408,0.0013564803351314,0,120167,0.0192540165588582
550,551,1338.59999999999,0.7941176470588235,0.0013587641344236,1,177676,0.0214123649416083
403,404,1217.5999999999926,0.7726218097447796,0.0013600746578858,1,160159,0.0212202799102204
259,260,1161.8999999999903,0.7816901408450704,0.0013617091099594,1,170814,0.0204874052043592
805,806,991.7999999999946,0.7318681318681318,0.0013666837381088,0,131625,0.0197053985394228
637,638,730.8999999999996,0.7416481069042317,0.0013681271304265,0,143715,0.0154052690898251
220,221,965.6999999999956,0.7065063649222065,0.0013715845950755,0,122149,0.0210188927392294
199,200,1031.4999999999948,0.7762237762237763,0.001374360690166,0,170077,0.0186150720880753
724,725,1040.399999999996,0.797923322683706,0.0013764688957633,0,188847,0.0181244430377451
669,670,916.9999999999968,0.7625954198473283,0.00138476265103,0,164732,0.0180906533542496
866,867,1200.5999999999929,0.8037007240547064,0.0013857946343014,0,192904,0.0199232215859225
545,546,1362.6999999999896,0.8049959709911362,0.0013860314118256,1,190437,0.02149061093321
302,303,760.899999999999,0.7145922746781116,0.0013922316386145,0,124101,0.0172112740608539
736,737,1107.5999999999935,0.7661042944785276,0.0013932424512586,0,160839,0.0196643454936251
386,387,925.1999999999956,0.738905325443787,0.0014019771627725,0,141604,0.0183773521371395
555,556,1120.6999999999916,0.8269867549668874,0.0014067330979048,0,205095,0.0183002448155841
337,338,531.5000000000028,0.7405485544848036,0.0014094916639364,0,147425,0.014384685065577
425,426,926.0999999999956,0.7270742358078602,0.0014201372278094,0,134483,0.0191405586190756
779,780,999.1999999999936,0.7045133991537377,0.0014230849263088,1,114458,0.0226980765662542
761,762,1578.299999999986,0.7835294117647059,0.0014261347247101,0,171909,0.0278198093062759
25,26,929.5999999999948,0.7239130434782609,0.0014452940120555,0,128943,0.0186444458789802
979,980,1104.0999999999924,0.7841444270015698,0.0014545001308487,0,172166,0.0189575659319143
806,807,1027.4999999999957,0.7916006339144216,0.0014556778594045,0,177443,0.0176579181758649
503,504,905.1999999999964,0.76905311778291,0.0014584450312757,0,163705,0.0174654565608695
829,830,1026.4999999999948,0.7922283901665345,0.0014601979021208,0,182907,0.0179117257217794
494,495,1299.2999999999895,0.777431906614786,0.0014633909417021,0,171202,0.0218386063322344
825,826,1035.7999999999945,0.7596958174904943,0.0014651284118434,0,160703,0.0185249831225463
882,883,1050.8999999999935,0.7573919636087946,0.0014669619212858,0,153256,0.0193332414974939
387,388,521.4000000000035,0.7744186046511627,0.0014841749112924,0,170104,0.0138332643301956
788,789,947.099999999998,0.7823022709475332,0.0014938797966819,0,180551,0.0177988258382369
80,81,1025.7999999999956,0.7421991084695394,0.001502286864842,0,143938,0.0193081102182423
614,615,1161.5999999999915,0.7511278195488722,0.0015048991348234,1,141745,0.0215669777253987
617,618,919.6999999999946,0.6913494809688582,0.001522099901151,0,95320,0.0196202048631912
114,115,1076.299999999992,0.7573919636087946,0.0015256364282103,0,154815,0.0195960009561436
690,691,1435.6999999999862,0.8195242001640689,0.001545872408326,2,200340,0.0241949948152453
209,210,574.1000000000022,0.7015449438202247,0.001559455581702,0,110439,0.0140887619785762
668,669,1079.2999999999925,0.7726218097447796,0.0015673154040215,0,163356,0.0190776223350844
560,561,754.9999999999969,0.7438570364854803,0.0015834958303543,0,143445,0.015353338321887
999,1000,767.699999999998,0.7151037938439513,0.0015884590981785,0,128843,0.0173621566977867
607,608,436.6000000000029,0.708008504606662,0.0015902370731827,0,122458,0.0134658904060633
520,521,1040.599999999996,0.8011226944667201,0.0016106642690249,0,184128,0.0178280684426321
808,809,994.9999999999952,0.7726218097447796,0.0016484420382738,0,165846,0.017805302175635
298,299,982.1999999999956,0.7756211180124224,0.001649259446912,0,170670,0.0181053864742975
178,179,1184.5999999999908,0.8075990299110751,0.0016733486877107,1,188105,0.0196778764108064
356,357,518.2000000000039,0.7244379985496737,0.0016791282994672,0,131232,0.0132797228214545
227,228,637.6000000000012,0.7762237762237763,0.0017206086223276,0,171479,0.0146419397250326
971,972,930.2999999999946,0.7223427331887202,0.001720973553651,0,124427,0.0184899708147617
743,744,1196.5999999999906,0.7768273716951789,0.0017214996169986,1,163960,0.0205359335526563
897,898,393.90000000000254,0.723388848660391,0.0017255151522501,0,133222,0.0129309225529557
707,708,929.299999999997,0.7780373831775701,0.0017548533050623,0,172058,0.0173181717499576
694,695,882.2999999999957,0.7568181818181818,0.001760256722939,0,157721,0.0174496976582662
672,673,557.5000000000035,0.7672811059907834,0.0017695657685468,0,165369,0.0138887943251875
833,834,866.5999999999976,0.842327150084317,0.0017774709884845,0,215885,0.0154264797423759
643,644,988.4999999999958,0.777431906614786,0.001799935686055,0,170540,0.0178570281271735
586,587,1153.299999999992,0.7916006339144216,0.0018122186623405,0,177892,0.0185723126480106
752,753,657.3999999999994,0.718705035971223,0.0018174494074205,0,119990,0.0144814802880082
807,808,950.4999999999944,0.7539622641509434,0.0018254699041664,0,150969,0.0176246328426238
663,664,877.7999999999978,0.7928571428571428,0.0019106450276884,0,182501,0.0161697554630296
448,449,1205.4999999999889,0.7922283901665345,0.0019226419217094,1,177802,0.020250253819196
876,877,758.8999999999978,0.8222222222222222,0.0023859391332094,0,200069,0.0137315222798519
